0 0.4211
400 0.44228
800 0.4736
1200 0.45425
1600 0.50382
2000 0.59454
2400 0.64212
2800 0.55362
3200 0.47773
3600 0.50691
4000 0.491
4400 0.52451
4800 0.55999
5200 0.44219
5600 0.50416
6000 0.46634
6400 0.57787
6800 0.5958
7200 0.57664
7600 0.39071
8000 0.46977
8400 0.51479
8800 0.59339
9200 0.59576
9600 0.5882
10000 0.60827
10400 0.58632
10800 0.53674
11200 0.58544
11600 0.59749
12000 0.59897
12400 0.62999
12800 0.55914
13200 0.61394
13600 0.55119
14000 0.61869
14400 0.6233
14800 0.69874
15200 0.66221
15600 0.65071
16000 0.67087
16400 0.63274
16800 0.68223
17200 0.64696
17600 0.63227
18000 0.68468
18400 0.7219
18800 0.67787
19200 0.72277
19600 0.76371
20000 0.77707
20400 0.79602
20800 0.80666
21200 0.80321
21600 0.81117
22000 0.82501
22400 0.83808
22800 0.83772
23200 0.83358
23600 0.83639
24000 0.83726
24400 0.83347
24800 0.83562
25200 0.83108
25600 0.80332
26000 0.80405
26400 0.78127
26800 0.77656
27200 0.74455
27600 0.7039
28000 0.68535
28400 0.67323
28800 0.66976
29200 0.67415
29600 0.61821
30000 0.5989
30400 0.61403
30800 0.59727
31200 0.55605
31600 0.51922
32000 0.40555
32400 0.32282
32800 0.25024
33200 0.16496
33600 0.05972
34000 0.07875
34400 0.03745
34800 0.04361
35200 0.04937
35600 0.0339
36000 0.03048
36400 0.01945
36800 0.02307
37200 0.01445
37600 0.013
38000 0.01416
38400 0.00741
38800 0.01433
39200 0.01016
39600 0.01016
40000 0.00922
40400 0.00893
40800 0.00739
41200 0.00929
41600 0.00741
42000 0.00635
42400 0.00887
42800 0.00668
43200 0.00531
43600 0.00946
44000 0.00587
44400 0.00744
44800 0.00626
45200 0.00685
45600 0.00487
46000 0.00484
46400 0.00545
46800 0.00542
47200 0.00745
47600 0.00691
48000 0.01015
48400 0.00389
48800 0.00833
49200 0.00389
49600 0.00726
50000 0.00534
50400 0.00437
50800 0.00428
51200 0.00862
51600 0.00433
52000 0.00658
52400 0.00707
52800 0.00476
53200 0.00388
53600 0.00506
54000 0.00448
54400 0.00427
54800 0.0055
55200 0.00401
55600 0.00386
56000 0.00521
56400 0.00451
56800 0.00471
57200 0.00385
57600 0.00387
58000 0.00437
58400 0.00418
58800 0.00385
59200 0.00442
59600 0.00383
60000 0.00383
60400 0.00384
60800 0.00384
61200 0.00382
61600 0.00421
62000 0.00382
62400 0.00382
62800 0.00382
63200 0.00382
63600 0.00383
64000 0.00381
64400 0.00382
64800 0.00383
65200 0.00383
65600 0.00382
66000 0.00381
66400 0.00381
66800 0.0038
67200 0.00379
67600 0.00379
68000 0.00413
68400 0.00379
68800 0.00379
69200 0.00379
69600 0.00404
70000 0.00378
70400 0.00378
70800 0.00377
71200 0.00377
71600 0.00378
72000 0.00377
72400 0.00374
72800 0.00377
73200 0.00375
73600 0.00377
74000 0.00376
74400 0.00376
74800 0.00374
75200 0.00375
75600 0.00374
76000 0.00372
76400 0.00374
76800 0.00373
77200 0.00373
77600 0.00375
78000 0.00372
78400 0.00373
78800 0.00372
79200 0.00372
79600 0.00369
