3.190462 1.000000 
0.757390 1.000000 
5.186787 1.000000 
2.357767 1.000000 
5.599261 1.000000 
1.596585 1.000000 
2.078813 1.000000 
4.036484 1.000000 
1.154033 1.000000 
4.799832 1.000000 
0.838573 1.000000 
1.155699 1.000000 
2.291004 2.000000 
2.060374 1.000000 
2.063637 1.000000 
2.497305 1.000000 
1.326519 1.000000 
2.439621 1.000000 
1.081147 1.000000 
0.414352 1.000000 
1.112542 2.000000 
1.589614 1.000000 
2.136305 1.000000 
1.953700 1.000000 
0.881845 1.000000 
1.537553 1.000000 
0.247802 1.000000 
1.552010 1.000000 
3.432862 2.000000 
1.651961 1.000000 
3.219198 2.000000 
2.123266 1.000000 
3.872931 2.000000 
2.820437 1.000000 
2.768399 2.000000 
1.966061 1.000000 
4.283223 2.000000 
3.470111 1.000000 
3.322924 1.000000 
3.391536 1.000000 
3.682526 1.000000 
2.356882 1.000000 
1.815368 1.000000 
2.346004 1.000000 
2.272140 1.000000 
2.097597 1.000000 
2.288660 1.000000 
1.849478 1.000000 
2.276498 1.000000 
2.372296 1.000000 
2.146771 1.000000 
1.881648 1.000000 
1.562518 1.000000 
3.764138 2.000000 
3.094789 1.000000 
3.900763 2.000000 
2.548864 1.000000 
3.733139 1.000000 
0.973585 1.000000 
2.390939 1.000000 
2.467080 1.000000 
1.606994 1.000000 
2.415619 1.000000 
0.758029 1.000000 
2.105449 1.000000 
2.415858 1.000000 
3.234569 1.000000 
2.253904 1.000000 
1.905494 1.000000 
3.726931 1.000000 
0.939266 2.000000 
3.479609 1.000000 
0.174274 1.000000 
2.630311 2.000000 
2.962765 1.000000 
2.104479 2.000000 
0.570480 1.000000 
1.269411 1.000000 
1.832642 1.000000 
0.673722 1.000000 
3.709803 1.000000 
3.009550 1.000000 
3.839565 1.000000 
1.030560 1.000000 
1.703856 1.000000 
2.499780 1.000000 
0.987230 1.000000 
2.104280 1.000000 
2.501706 2.000000 
1.288819 2.000000 
3.010519 1.000000 
2.484367 1.000000 
3.233918 2.000000 
2.051923 2.000000 
1.297689 1.000000 
3.537185 1.000000 
1.895837 1.000000 
2.069708 1.000000 
1.502599 1.000000 
4.185206 1.000000 
1.195569 1.000000 
1.770495 1.000000 
3.006491 2.000000 
2.354575 1.000000 
2.771629 1.000000 
2.367678 1.000000 
3.497614 1.000000 
0.782412 1.000000 
2.407765 2.000000 
3.513004 1.000000 
2.683540 2.000000 
1.095356 1.000000 
1.453998 1.000000 
3.245482 1.000000 
1.922317 1.000000 
2.603072 1.000000 
3.817657 1.000000 
2.189841 1.000000 
1.664765 1.000000 
0.768019 1.000000 
1.755447 1.000000 
3.410677 1.000000 
2.270263 1.000000 
2.072396 1.000000 
4.499747 1.000000 
2.294280 1.000000 
4.605923 2.000000 
1.747660 1.000000 
2.206386 1.000000 
2.266367 1.000000 
3.518920 1.000000 
2.074232 1.000000 
0.913090 1.000000 
3.140373 1.000000 
2.832598 1.000000 
1.520802 1.000000 
1.918255 1.000000 
2.501289 1.000000 
-0.266080 1.000000 
0.238122 1.000000 
2.430650 1.000000 
2.717934 1.000000 
3.188136 1.000000 
1.388094 1.000000 
3.100683 1.000000 
2.486660 1.000000 
1.835976 1.000000 
2.761265 1.000000 
2.628586 1.000000 
1.416786 1.000000 
2.823943 1.000000 
2.479010 1.000000 
3.469007 1.000000 
1.035690 2.000000 
3.275021 2.000000 
3.132350 1.000000 
2.632035 1.000000 
1.193259 2.000000 
1.936277 1.000000 
1.033397 1.000000 
2.522821 1.000000 
2.908717 2.000000 
1.088688 1.000000 
1.601754 1.000000 
1.852739 2.000000 
2.011324 1.000000 
0.950171 1.000000 
2.629206 1.000000 
1.748547 1.000000 
0.747690 1.000000 
2.957537 2.000000 
1.722230 1.000000 
2.965857 1.000000 
1.801638 1.000000 
2.177022 1.000000 
0.780538 1.000000 
2.177976 1.000000 
3.981449 1.000000 
1.924049 1.000000 
1.716745 1.000000 
2.594986 1.000000 
1.597220 1.000000 
3.612425 1.000000 
0.963914 1.000000 
2.753635 1.000000 
0.042616 1.000000 
1.654021 1.000000 
2.549152 1.000000 
2.529188 1.000000 
3.092492 1.000000 
1.679454 2.000000 
-0.713285 1.000000 
2.477806 1.000000 
2.279202 1.000000 
1.990781 2.000000 
0.287549 1.000000 
3.512323 1.000000 
1.955314 1.000000 
2.942344 1.000000 
3.137934 1.000000 
1.880323 1.000000 
1.118572 1.000000 
2.126028 1.000000 
0.820436 1.000000 
3.283671 1.000000 
2.122998 1.000000 
4.672837 2.000000 
2.501412 1.000000 
2.048717 1.000000 
2.292094 1.000000 
1.963634 2.000000 
2.803988 1.000000 
1.360616 1.000000 
2.816472 1.000000 
3.734423 2.000000 
5.306453 1.000000 
1.854321 1.000000 
2.115743 1.000000 
1.536722 1.000000 
4.123941 2.000000 
2.686675 1.000000 
2.469983 1.000000 
2.067921 1.000000 
2.590502 1.000000 
1.935097 1.000000 
1.712725 1.000000 
3.817781 1.000000 
2.474974 1.000000 
2.171651 1.000000 
2.560590 1.000000 
2.877353 1.000000 
2.444484 1.000000 
4.349126 1.000000 
2.301297 1.000000 
2.628846 2.000000 
-0.037790 1.000000 
2.860498 1.000000 
2.986838 1.000000 
3.462801 1.000000 
1.791661 1.000000 
2.501832 2.000000 
3.277803 1.000000 
1.066622 1.000000 
2.956634 1.000000 
3.020461 1.000000 
3.356267 1.000000 
2.929722 2.000000 
2.886572 1.000000 
3.124173 1.000000 
2.240817 1.000000 
2.596080 1.000000 
1.840821 2.000000 
4.222797 1.000000 
1.699413 1.000000 
1.659480 1.000000 
2.308857 1.000000 
3.182133 1.000000 
2.735777 1.000000 
2.709181 1.000000 
1.350228 1.000000 
2.688212 1.000000 
4.327504 2.000000 
1.056067 2.000000 
3.888187 2.000000 
0.882606 1.000000 
3.583166 1.000000 
2.478729 1.000000 
1.387731 1.000000 
0.917017 1.000000 
1.455825 1.000000 
0.676089 1.000000 
2.407257 2.000000 
3.273173 1.000000 
1.826011 1.000000 
1.205446 1.000000 
2.600361 1.000000 
1.575693 1.000000 
2.285989 1.000000 
3.636397 1.000000 
2.342567 1.000000 
2.916391 2.000000 
0.999472 1.000000 
2.465777 1.000000 
2.162109 1.000000 
1.574551 1.000000 
2.751891 1.000000 
1.391440 1.000000 
4.026941 1.000000 
2.724855 1.000000 
1.605177 1.000000 
1.870904 2.000000 
2.307333 1.000000 
1.181132 1.000000 
1.036282 1.000000 
0.965787 1.000000 
1.771915 1.000000 
2.741760 1.000000 
0.491911 1.000000 
3.317812 1.000000 
3.201540 1.000000 
1.969473 1.000000 
1.686694 1.000000 
3.392291 1.000000 
3.597801 2.000000 
2.303345 1.000000 
0.428549 1.000000 
1.627263 1.000000 
3.057659 2.000000 
2.039253 1.000000 
1.139579 1.000000 
3.676093 2.000000 
-0.027979 1.000000 
1.252162 1.000000 
2.954856 1.000000 
4.896232 1.000000 
1.875557 1.000000 
2.944333 1.000000 
3.450193 1.000000 
1.086889 1.000000 
1.002834 1.000000 
1.276696 1.000000 
1.761071 1.000000 
2.557727 1.000000 
1.101084 1.000000 
1.274645 1.000000 
2.470339 1.000000 
-0.467270 1.000000 
2.203076 1.000000 
1.053396 1.000000 
2.280163 1.000000 
1.463284 1.000000 
2.633702 1.000000 
2.412454 1.000000 
4.205242 2.000000 
-0.606077 1.000000 
1.633961 1.000000 
3.669280 1.000000 
2.029763 1.000000 
2.013275 1.000000 
3.413313 1.000000 
2.162855 1.000000 
2.444627 1.000000 
2.886642 1.000000 
2.116580 1.000000 
-0.316113 1.000000 
2.710008 1.000000 
2.116675 1.000000 
3.399400 1.000000 
3.823701 1.000000 
1.845663 2.000000 
1.010593 1.000000 
1.479750 1.000000 
0.279064 1.000000 
0.227136 1.000000 
4.605846 2.000000 
4.332177 2.000000 
2.943239 1.000000 
4.815269 1.000000 
1.446682 1.000000 
2.018771 1.000000 
3.163428 1.000000 
0.430861 1.000000 
3.056500 1.000000 
4.120545 2.000000 
0.996670 1.000000 
2.856921 1.000000 
2.533163 1.000000 
0.774927 1.000000 
1.644029 1.000000 
2.607700 1.000000 
3.829417 1.000000 
0.369319 1.000000 
1.880753 1.000000 
4.041298 1.000000 
4.839772 1.000000 
3.264645 1.000000 
3.321914 1.000000 
1.721952 1.000000 
1.797112 1.000000 
-1.073359 2.000000 
4.523785 1.000000 
2.589155 1.000000 
3.324396 2.000000 
3.501965 1.000000 
0.943835 1.000000 
1.911189 1.000000 
5.005740 1.000000 
3.711549 1.000000 
2.956591 1.000000 
2.873351 2.000000 
0.307860 1.000000 
2.919546 1.000000 
1.663436 1.000000 
3.358130 1.000000 
1.077388 1.000000 
1.990058 1.000000 
3.318973 1.000000 
4.116510 1.000000 
1.574092 1.000000 
4.207956 1.000000 
1.470169 1.000000 
3.958249 2.000000 
2.163780 1.000000 
-0.027014 1.000000 
2.420475 2.000000 
3.324099 1.000000 
1.373977 1.000000 
1.131408 1.000000 
1.645910 1.000000 
4.398005 1.000000 
3.026870 2.000000 
2.030418 1.000000 
2.215585 1.000000 
1.231120 1.000000 
3.994115 1.000000 
1.340802 1.000000 
2.393205 1.000000 
2.970376 1.000000 
3.639945 1.000000 
1.887651 1.000000 
1.419750 1.000000 
3.108097 1.000000 
2.071490 1.000000 
0.041670 1.000000 
2.529630 1.000000 
1.429818 2.000000 
2.893804 2.000000 
4.076180 1.000000 
3.813137 1.000000 
0.790730 1.000000 
3.201482 1.000000 
2.216815 1.000000 
2.363064 1.000000 
2.718371 1.000000 
1.793881 1.000000 
0.977518 1.000000 
5.091099 2.000000 
3.839746 1.000000 
0.715313 2.000000 
2.514846 1.000000 
1.554700 1.000000 
1.744269 1.000000 
1.863165 1.000000 
0.768879 1.000000 
2.275051 2.000000 
2.428291 1.000000 
3.206866 1.000000 
2.266601 2.000000 
1.336358 2.000000 
1.568783 1.000000 
3.147871 1.000000 
2.089692 2.000000 
1.989396 1.000000 
1.063590 1.000000 
2.775492 1.000000 
3.935048 1.000000 
1.323683 1.000000 
2.911532 1.000000 
-0.174945 2.000000 
0.633831 1.000000 
1.592893 2.000000 
4.125030 1.000000 
3.593979 1.000000 
3.775974 1.000000 
2.094227 1.000000 
3.774545 1.000000 
2.814096 2.000000 
1.779625 1.000000 
3.468305 1.000000 
0.052874 1.000000 
3.004456 1.000000 
1.762049 2.000000 
1.051077 1.000000 
2.905708 1.000000 
3.325766 2.000000 
2.435117 1.000000 
2.707358 1.000000 
1.419447 1.000000 
2.204176 1.000000 
2.478551 1.000000 
0.792785 1.000000 
1.367792 1.000000 
1.497527 1.000000 
1.589619 1.000000 
1.749848 1.000000 
2.376872 1.000000 
3.171215 2.000000 
2.013920 2.000000 
1.818044 1.000000 
1.778381 2.000000 
0.898354 1.000000 
2.036309 1.000000 
0.003696 1.000000 
3.163282 1.000000 
3.875838 1.000000 
0.950673 1.000000 
2.918033 1.000000 
4.917897 2.000000 
2.992512 2.000000 
2.460664 1.000000 
1.709949 1.000000 
1.468346 1.000000 
0.434115 1.000000 
2.227969 1.000000 
2.880196 1.000000 
1.823854 1.000000 
0.710059 1.000000 
3.177964 2.000000 
2.850886 1.000000 
3.776558 2.000000 
0.958358 1.000000 
2.706594 1.000000 
1.999051 1.000000 
4.178918 1.000000 
3.445023 1.000000 
4.107638 1.000000 
3.228871 1.000000 
2.055864 1.000000 
2.822303 1.000000 
1.796726 2.000000 
2.375790 1.000000 
0.003345 1.000000 
4.107992 1.000000 
0.627176 1.000000 
2.072542 1.000000 
3.006028 1.000000 
2.804346 1.000000 
0.360591 1.000000 
1.095186 1.000000 
2.494574 1.000000 
2.427023 1.000000 
2.571030 1.000000 
2.171826 1.000000 
2.001883 1.000000 
3.951758 1.000000 
2.790121 1.000000 
3.169605 1.000000 
2.662109 1.000000 
1.618501 2.000000 
1.147506 1.000000 
1.754669 1.000000 
1.845561 1.000000 
0.425964 1.000000 
3.224801 1.000000 
3.516277 1.000000 
5.374559 2.000000 
2.642756 1.000000 
2.464899 1.000000 
2.802630 1.000000 
3.296072 1.000000 
1.459503 1.000000 
1.631723 1.000000 
1.792716 1.000000 
1.634430 1.000000 
2.784354 1.000000 
2.463178 1.000000 
1.548829 1.000000 
2.485662 1.000000 
4.278885 2.000000 
4.057626 2.000000 
3.880433 1.000000 
3.963206 1.000000 
2.431297 1.000000 
1.420548 1.000000 
1.760534 1.000000 
1.858028 1.000000 
2.509073 1.000000 
2.592358 1.000000 
2.060293 1.000000 
2.597065 1.000000 
2.927301 1.000000 
2.864895 1.000000 
2.105867 1.000000 
2.363723 1.000000 
1.818492 1.000000 
2.665206 1.000000 
1.221200 1.000000 
3.851823 1.000000 
1.097304 1.000000 
1.708509 1.000000 
3.674504 2.000000 
2.800423 1.000000 
1.259911 1.000000 
1.912801 1.000000 
0.647709 1.000000 
2.206370 1.000000 
1.481761 1.000000 
2.971004 1.000000 
1.574405 1.000000 
2.411639 1.000000 
4.794255 2.000000 
4.041594 1.000000 
2.402195 1.000000 
-1.092170 1.000000 
3.559717 1.000000 
2.678695 1.000000 
1.808328 1.000000 
2.801100 1.000000 
1.459679 1.000000 
1.655001 1.000000 
1.639950 2.000000 
1.061463 1.000000 
2.497880 1.000000 
3.422219 1.000000 
2.775171 1.000000 
2.056770 1.000000 
3.192523 1.000000 
0.076951 1.000000 
2.110924 2.000000 
1.839145 1.000000 
4.195509 1.000000 
2.686903 1.000000 
3.269922 2.000000 
2.944327 1.000000 
1.705230 1.000000 
3.187162 1.000000 
2.696877 1.000000 
1.349160 1.000000 
0.038612 2.000000 
2.093057 1.000000 
2.486703 1.000000 
1.736134 1.000000 
1.242098 2.000000 
3.246366 1.000000 
1.590585 1.000000 
1.140772 1.000000 
1.698138 1.000000 
2.233379 1.000000 
2.691869 2.000000 
2.184515 1.000000 
1.237527 2.000000 
2.928174 1.000000 
3.172058 1.000000 
3.045548 1.000000 
1.466188 1.000000 
3.193896 1.000000 
3.196599 1.000000 
4.108833 1.000000 
0.943838 1.000000 
1.673238 2.000000 
2.515722 1.000000 
1.106169 1.000000 
-0.237647 1.000000 
2.104442 2.000000 
-0.224860 1.000000 
3.280288 1.000000 
1.606785 1.000000 
3.513459 1.000000 
2.745723 1.000000 
4.048370 1.000000 
2.139844 1.000000 
1.562413 1.000000 
1.125675 1.000000 
0.597927 1.000000 
2.910081 1.000000 
2.203199 1.000000 
2.685666 1.000000 
2.700760 1.000000 
3.710911 1.000000 
1.117416 1.000000 
2.329493 1.000000 
2.117582 1.000000 
3.276799 1.000000 
2.177207 2.000000 
1.992408 2.000000 
1.689897 1.000000 
3.142209 1.000000 
3.952194 1.000000 
3.496648 1.000000 
1.483246 1.000000 
0.881503 1.000000 
2.992928 2.000000 
2.495274 2.000000 
1.566558 1.000000 
1.176397 1.000000 
2.295899 1.000000 
2.530672 1.000000 
1.710415 1.000000 
2.670998 2.000000 
2.868358 1.000000 
1.016969 1.000000 
3.016544 1.000000 
3.081849 1.000000 
1.863848 1.000000 
2.997210 1.000000 
3.483705 1.000000 
1.583015 1.000000 
0.735754 1.000000 
2.142612 1.000000 
1.066616 1.000000 
4.908150 1.000000 
0.796173 1.000000 
1.871361 1.000000 
0.768161 1.000000 
1.820277 2.000000 
0.347201 1.000000 
4.546630 2.000000 
4.048914 1.000000 
2.502016 1.000000 
1.987339 1.000000 
1.826582 1.000000 
2.230837 1.000000 
2.486850 1.000000 
1.346626 2.000000 
1.580370 1.000000 
3.212010 1.000000 
3.068732 2.000000 
1.654000 1.000000 
0.522231 1.000000 
0.153591 2.000000 
1.888261 1.000000 
-0.030382 1.000000 
2.694800 1.000000 
2.697984 1.000000 
2.892244 1.000000 
2.751704 2.000000 
4.429103 1.000000 
1.835233 1.000000 
3.708702 1.000000 
1.235147 1.000000 
1.971654 1.000000 
2.346583 1.000000 
4.520775 1.000000 
4.011756 1.000000 
2.879024 1.000000 
2.256039 2.000000 
1.790479 1.000000 
2.186234 2.000000 
2.924946 2.000000 
2.862914 1.000000 
2.829445 1.000000 
2.357615 2.000000 
3.572316 1.000000 
2.439054 1.000000 
2.185037 1.000000 
2.205297 1.000000 
1.576199 1.000000 
1.726631 1.000000 
1.056547 1.000000 
4.129770 1.000000 
0.904240 1.000000 
1.562820 1.000000 
1.966636 1.000000 
1.665545 1.000000 
0.206979 1.000000 
2.581697 1.000000 
1.427337 1.000000 
2.391948 1.000000 
1.328284 1.000000 
3.490887 1.000000 
1.707194 2.000000 
4.041972 1.000000 
0.935539 2.000000 
0.675842 1.000000 
2.274345 2.000000 
0.269649 1.000000 
1.765151 1.000000 
0.954618 1.000000 
1.648629 1.000000 
1.243738 1.000000 
2.268981 1.000000 
2.797613 1.000000 
3.297331 1.000000 
1.514267 1.000000 
0.151540 1.000000 
2.004213 1.000000 
-0.777664 1.000000 
2.397554 1.000000 
2.700313 2.000000 
1.704764 1.000000 
2.986541 2.000000 
1.400591 2.000000 
2.344438 2.000000 
3.453015 1.000000 
0.689769 1.000000 
1.509035 1.000000 
0.934991 1.000000 
2.914741 1.000000 
1.446360 1.000000 
2.624454 1.000000 
0.717335 1.000000 
5.772740 1.000000 
0.891683 1.000000 
3.879303 1.000000 
2.206896 1.000000 
1.048104 1.000000 
3.124426 1.000000 
1.104599 1.000000 
2.506933 1.000000 
4.042351 1.000000 
2.222627 1.000000 
4.548235 1.000000 
2.906940 1.000000 
1.261537 1.000000 
3.179588 1.000000 
2.992323 1.000000 
1.698809 1.000000 
2.247041 1.000000 
0.934339 1.000000 
2.930284 1.000000 
2.753105 1.000000 
3.532110 1.000000 
0.771978 1.000000 
0.353358 1.000000 
1.751525 1.000000 
4.330693 2.000000 
1.391619 1.000000 
2.484711 1.000000 
1.918237 2.000000 
1.687554 1.000000 
0.728558 1.000000 
3.587649 1.000000 
4.519198 2.000000 
2.521359 1.000000 
1.658008 1.000000 
1.888466 1.000000 
1.438923 1.000000 
4.771647 1.000000 
2.673172 1.000000 
1.587970 1.000000 
1.103773 1.000000 
1.573702 1.000000 
2.812429 1.000000 
2.792018 1.000000 
2.317915 1.000000 
1.392780 1.000000 
2.129625 1.000000 
2.887395 1.000000 
2.936485 1.000000 
3.102920 1.000000 
1.470854 1.000000 
2.690744 1.000000 
1.359927 1.000000 
2.283134 1.000000 
1.469759 1.000000 
3.137116 2.000000 
1.811618 2.000000 
3.328796 2.000000 
2.249726 1.000000 
3.689634 1.000000 
2.013856 1.000000 
2.786620 1.000000 
0.926422 1.000000 
0.973261 1.000000 
1.321158 2.000000 
0.498929 1.000000 
5.015179 2.000000 
2.616700 1.000000 
0.356299 1.000000 
2.300235 1.000000 
1.386701 1.000000 
3.044364 1.000000 
4.025159 1.000000 
1.941198 1.000000 
1.069154 2.000000 
3.031051 1.000000 
2.463901 2.000000 
3.292152 1.000000 
