-9.69515082519 -7.10613693127
-9.37989314144 -7.43940216687
-6.08623293479 -6.85672134363
-5.11355089171 -7.22590889237
-9.25271966927 -6.57755703486
-6.56052105641 -8.18427144323
-8.29638721572 -9.56120197288
-8.43106760646 -5.36922965635
-8.41174166191 -5.1452518862
-6.64777660492 -5.39310734571
-9.53578131415 -9.25500380582
-7.68110604157 -7.94119404108
-5.84041194474 -9.70125249628
-9.54305076876 -8.41344679785
-5.08588111122 -8.39678570797
-9.98314776359 -5.89227470723
-5.71806762388 -8.48176271634
-8.25820733274 -9.15787266168
-6.47288554766 -8.89502153816
-5.1045504832 -8.26128674799
-7.87772441575 -8.6306725504
-6.68232787901 -7.22451137527
-6.27694695428 -8.08329472696
-8.96268855902 -8.20241717019
-6.38101796094 -8.47506888322
-8.54220946256 -5.04824964238
-7.4654882353 -7.27560799404
-8.84273451175 -5.41255868371
-5.35634715113 -6.16301099994
-6.30386507128 -8.7263977951
-5.98050685462 -8.95276059824
-7.00017352982 -8.24770653785
-7.60056469963 -5.18265935909
-9.68324229252 -7.92380326244
-8.02336015649 -7.63262558018
-8.98655907302 -6.68993414674
-8.31273289099 -6.92035454083
-9.43512054039 -5.07451712682
-5.70379561536 -6.36624011219
-5.89212355784 -8.75608934849
-9.41804034316 -8.42534411489
-7.4733585815 -6.40968370229
-7.30201481552 -7.03851023604
-6.43099392378 -6.17683766603
-6.08081609104 -7.89107531612
-8.6506805518 -5.09039192166
-6.68143531233 -6.27754525617
-7.39910509089 -8.04724120432
-5.56968224089 -6.1164717161
-6.70567554016 -8.13556200281
-8.6120171176 -5.23476970709
-8.64549042922 -5.16531417915
-7.28275045104 -6.01270381336
-8.2571716367 -7.98078908219
-9.38356134604 -9.21595444612
-8.44284554954 -6.46402984375
-5.14686497524 -8.06955828699
-5.47405393274 -6.46463248254
-6.72018239502 -8.81287099842
-8.02392929717 -8.54236741583
-7.00563203896 -8.82596314485
-6.29332493535 -9.8993884071
-9.54625306093 -9.22736434642
-5.29356024378 -7.69272924288
-9.97239278687 -8.64285876377
-6.34930404089 -8.52063097235
-5.83506238236 -8.01378133668
-6.76324210985 -9.15783685006
-7.65531412792 -7.03274766333
-6.94717029842 -8.71512620647
-7.48058723805 -8.60420556531
-9.47679633688 -8.60207114327
-7.11173548634 -9.15765925498
-5.563456996 -9.78003912043
-9.86247232934 -8.93802940547
-7.66981204333 -8.84211431718
-7.83119795323 -7.98246297197
-6.52127483987 -7.63941930802
-7.11000288654 -5.40735543758
-6.6978199308 -6.9918410323
-7.32828762751 -9.31252442295
-8.10595592382 -8.92470708054
-8.88127333268 -5.44430595975
-8.12191686464 -5.19705427342
-9.88725691099 -6.12293950888
-8.15165004021 -6.36686366259
-7.92811375783 -9.52982807086
-9.89047561797 -9.80887286523
-7.02943300408 -7.62200870796
-8.35269774625 -5.67447402858
-5.39069081866 -8.60651339575
-7.73723289789 -7.71125583396
-5.54796209462 -6.72103742873
-7.21053598795 -8.8296703292
-5.90574002126 -9.47396962791
-7.15017548969 -9.36177592158
-8.18492861155 -6.83275919504
-7.10743365871 -7.12551676892
-8.42031883444 -7.98810502578
-8.83339576212 -9.96563023071
-6.78039451386 -7.77568879214
-9.39884851502 -9.00366477971
-5.59306342745 -8.66401089367
-9.20395500557 -7.30477945377
-9.71585522701 -7.86145306486
-5.67703110379 -8.78228970753
-9.66992731262 -5.83055630248
-9.52916900631 -6.07392610069
-8.54834777227 -9.74223872706
-8.82409765698 -6.00168466973
-9.30784916059 -9.91332594235
-6.57069844374 -5.8390180278
-6.23169308866 -7.75881996819
-7.29062283994 -7.70340792458
-5.1067531525 -9.1438501492
-9.58506591486 -6.60988898744
-9.27592525511 -7.08815657485
-5.73763466374 -9.557669656
-9.79270187786 -6.23596824342
-6.40299509207 -7.40653934349
-9.4218295493 -8.98820401617
-8.7575346393 -9.72400065339
-8.9319582641 -6.18075841322
-9.08323707076 -7.68868988608
-7.80430444511 -7.95478601025
-9.04132194736 -5.32047636821
-6.39760811966 -9.15883310028
-8.48018124637 -9.97435509642
-6.14178903945 -6.49580715859
-7.07155824922 -7.68448976609
-5.59696198503 -9.87622976395
-5.04889859843 -9.18907388055
-9.95143638388 -8.1878650459
-5.22816213597 -5.81907373754
-6.0034822074 -5.16388082595
-6.91145570671 -9.64786747536
-5.33453970882 -7.18152172177
-8.89221004006 -8.55089246478
-5.97788428662 -8.3487624921
-6.33597778537 -5.2812523456
-8.89801413634 -7.99341591166
-9.08946997753 -5.94821570998
-8.00882442937 -9.95313996748
-9.62684220936 -9.23224396026
-9.94933917135 -7.36121771716
-6.95516692313 -5.55211069461
-5.85327054396 -6.13319743526
-5.60537888536 -9.97449042375
-5.89149773597 -5.91808608403
-8.76909579735 -6.21517692175
-6.45785682846 -5.42964903161
-9.9330290895 -8.23004210442
-5.14204908228 -8.51771554257
-9.91980427219 -8.52155643962
-7.93484349231 -9.48340609313
-8.58832967216 -5.67050826911
-7.77012216413 -9.68097509156
-7.71736332617 -5.98625487715
-6.6536074169 -7.62026805392
-8.32125330774 -5.73328896927
-5.99878055018 -7.91294845745
-5.21670589422 -8.45141863305
-6.26653554047 -6.79098488051
-5.57271039985 -9.86114940563
-5.38245121877 -8.85934748702
-6.99928512603 -9.5602996345
-5.3408861607 -6.47561329361
-5.69110803003 -8.53583839455
-7.23985892725 -6.53516548342
-5.45965007974 -9.95302219629
-9.78271058582 -7.64262424251
-9.70387273475 -9.40572148255
-8.40941216454 -8.87618260228
-9.83238135641 -8.70525290607
-7.35785223398 -5.65560488006
-9.3712047911 -7.51698813528
-7.90689555475 -5.93928591548
-5.29909836673 -6.10776331544
-7.51912168564 -9.83061579994
-6.05331687285 -8.64787247129
-6.91112132137 -8.91281836008
-5.397344086 -5.02065660359
-5.80633432752 -7.22723734588
-5.34196384966 -7.30325993905
-7.88636481399 -7.47005604144
-6.96639688514 -8.6249190827
-6.90048308448 -6.79893531551
-9.60717141757 -7.10746072135
-8.86522486388 -5.95861366287
-6.70580893197 -7.55118688443
-6.57016203376 -5.14951949476
-7.75089371881 -6.04654672954
-5.31297106013 -9.39889853193
-6.82041192677 -8.68125698114
-8.50729569975 -8.6293355832
-8.34908804732 -8.33986531776
-7.40090003261 -9.2050671428
-5.78111432303 -7.38340709149
-5.73011608641 -6.36788139742
-6.17189314537 -6.75622693767
-7.9742539211 -8.23132381691
-9.46964346189 -8.99741073332
-6.97323014204 -8.22326150569
-8.22481737164 -7.88208725165
-9.62852022862 -6.66230255615
-9.68066842947 -7.33651295596
-7.40674267966 -7.11667869241
-5.98269931466 -9.65945834199
-8.39266534069 -5.87561267084
-9.63610476512 -6.34535118917
-8.73243212194 -7.18955555888
-7.44188029519 -7.65921630179
-5.67570132517 -5.79309003308
-5.06434242761 -7.81758501178
-9.25846452771 -9.33813630585
-9.52279250051 -9.98853674416
-6.69735426803 -7.27344866329
-6.35459166997 -8.01076577369
-8.36513751162 -7.19470760864
-7.94813531535 -9.96268121904
-9.73772777321 -6.93299378296
-8.90821534981 -9.43719301988
-7.78340533851 -5.65441990851
-5.98210618713 -7.61908993209
-6.20225552062 -6.59054277162
-7.17658686195 -8.43048721911
-6.40058898135 -7.91816113286
-9.78603839415 -9.34764722151
-9.80717488372 -7.45068059256
-9.993695181 -7.99698004509
-9.61486215135 -5.2153411342
-7.85373215404 -9.8383518789
-7.20179885873 -7.82305282214
-7.21638599165 -7.75143410199
-9.26685047984 -5.70090832033
-5.06518957026 -8.99275863601
-9.48698585955 -6.75244532857
-9.38716585231 -5.09415953482
-5.62700631785 -6.32186302593
-9.17379298253 -5.19555218617
-6.83560047384 -9.40156169887
-5.98715428782 -9.18259139751
-6.33157421405 -5.66180498671
-9.1797668784 -9.58213561722
-5.96088959637 -7.19569274176
-9.60949236436 -9.24010477743
-8.54950072793 -8.71259956916
-8.01705320179 -6.56524330762
-8.5283634964 -6.65671469655
-6.99167517278 -5.87067034137
-8.32596025445 -5.65825452333
-8.6429013338 -6.83668284358
-6.72727235639 -7.92388806104
-7.76675659965 -8.98344084235
-9.10304644893 -7.80144438013
-7.91212180623 -8.15252817282
-9.90064009502 -5.66259765542
-9.6621376486 -6.2665762662
-9.58443598188 -7.00207427991
-7.796545775 -6.64308416495
-9.71410784617 -8.05325265504
-5.02008062945 -8.52819418182
-7.55189441727 -8.46856065311
-5.88594047776 -6.06491765115
-5.86330261372 -5.09144012087
-8.12444278327 -6.05790239263
-9.6967233642 -6.12499973026
-6.36318051359 -6.6294415073
-8.02386893559 -6.27355524477
-5.13263195486 -9.79378282871
-6.72172022087 -8.91945459918
-9.25949817932 -7.76290952855
-7.82594811021 -8.67303293076
-7.39170338833 -6.34565000291
-6.85405076313 -7.01702342348
-5.37352816054 -9.53899137649
-6.82223329285 -5.51718145075
-6.72814112782 -5.45512626085
-5.73644889187 -6.46314406988
-5.21617302323 -9.01433953227
-6.53133823122 -6.99841523285
-8.21346580894 -7.3353516094
-6.36389431343 -6.09588884095
-6.53250000502 -8.79077996417
-7.37621027857 -8.20298662425
-9.22706305133 -8.16478031617
-5.92022874727 -7.14552808826
-8.33729341201 -9.657812422
-5.89497922283 -5.46451971742
-7.67363104603 -7.29708873656
-9.6187980463 -6.45282947377
-5.57921063333 -6.10157244851
-6.80185722389 -5.94479738962
-8.87167273601 -7.16661980863
-5.87023535655 -9.02372995936
-9.83451709336 -5.45698574366
-8.00313128686 -5.96598117208
-6.30271999689 -5.14608527159
-8.21058311026 -9.79187775653
-5.5220694963 -7.93034279942
-9.7258427889 -6.34916129638
-7.07540107799 -7.56997405055
-5.70844533462 -8.63114329019
-6.03750312513 -8.1748961607
-8.94091745639 -7.9756338812
-9.84968120765 -6.54572808036
-7.72387383129 -7.73330889955
-6.5330145427 -8.79997465928
-6.8760650643 -7.02896071728
-8.39683899405 -6.34769051379
-6.91633204734 -8.92972583276
-6.80872820109 -9.62993021384
-9.84329544867 -7.38677218026
-5.42532026879 -5.35509848689
-6.37404946787 -9.62944777064
-8.89438685439 -8.54062380554
-8.05657905105 -8.41310968608
-5.08821523957 -8.16140323976
-5.20694965256 -6.11947189627
-6.9998640752 -8.28646159634
-9.8372763737 -5.73696874818
-6.26019872688 -8.0577892735
-6.82104517018 -8.70314627905
-6.99727977533 -9.58068825024
-5.47811318666 -8.30295559669
-6.76667771675 -8.0985100413
-7.26298427207 -7.90738521072
-6.66655060672 -7.58166534734
-7.99566925367 -6.87003668529
-9.90304637091 -7.64758360711
-9.93799525478 -7.16916827768
-7.89161295123 -7.26264988688
-6.58714537601 -8.90891516253
-6.32529711954 -7.61915839275
-7.78320464335 -8.11433352034
-7.59720181669 -6.87261932918
-8.45141729119 -6.08531585894
-5.35387195656 -5.27797759016
-6.62580070959 -7.94941638649
-6.4970905209 -7.15104949053
-9.31734899801 -9.88989771029
-6.87083617688 -7.20392638195
-6.820219019 -6.59506466663
-5.38234216656 -8.92942098473
-9.61249412961 -9.71045833747
-8.17288211596 -8.68240074785
-5.99458237692 -7.9464784786
-5.97495845213 -6.31259481603
-8.46916868468 -9.34548289491
-7.86087785399 -5.81219313981
-9.4218945532 -6.42709953156
-9.62520153567 -7.42352052577
-7.08817107872 -7.68469109096
-8.65528203811 -5.46983111071
-9.99654540353 -8.02377531451
-9.8466583336 -8.33742653046
-8.42519205135 -9.95901949167
-5.44051907168 -8.89141389119
-9.27198497709 -9.95080588551
-8.92815345369 -8.94307412428
-6.01731226472 -7.56856691241
-5.25457097328 -8.79869335903
-6.19683291246 -9.01500439247
-6.4474257961 -8.41039888907
-8.53535460661 -6.44281588635
-9.97153028717 -5.50950261976
-8.75903335202 -6.25994
-7.01433061773 -7.5902623946
-6.13120199759 -5.08490137686
-9.1602538316 -9.3637720081
-5.10812799204 -5.23575817677
-7.08489608162 -8.08140391335
-8.49377565962 -6.34432846523
-7.38803686636 -6.84732859345
-9.95000000965 -6.10349696808
-9.55769865048 -6.47715478715
-6.67788111797 -9.66537264554
-8.26332277928 -5.2573926615
-9.49483636337 -7.51033591131
-9.14912422467 -8.1417731234
-8.74054062732 -5.05764572571
-8.14101715808 -6.65710262726
-7.92261563166 -8.98300603335
-8.80178951869 -9.39035227079
-5.69043557349 -5.9245828571
-9.91567212312 -8.91983907424
-7.8899438682 -6.42797099203
-9.20923578434 -5.0771329493
-6.69925351777 -9.12774202865
-5.88877432638 -9.3690144258
-7.16207879617 -6.11730343126
-5.31663337799 -5.3472213736
-5.7712094179 -5.57504522946
-8.28465832086 -6.9623290435
-9.82869615285 -7.01254632395
-7.16121752705 -9.32584453409
-8.98220218573 -6.90830235469
-9.43292151822 -8.84252767584
-9.61650413347 -7.67488466485
-8.57300631135 -5.76402967599
-6.82556266773 -7.84361434925
-9.59555788307 -7.41650531555
-8.85148791268 -5.50340311996
-7.35874470294 -5.74579144644
-5.64918078442 -7.66014541329
-5.9509702752 -6.21999185173
-7.96639179551 -9.60834195934
-7.85050277968 -5.62493161946
-5.67760388362 -8.44419883652
-5.08731086088 -8.66825169059
-9.78977986328 -8.99756663813
-5.43472028637 -6.17311736838
-7.62641003615 -9.60734341702
-6.19055346428 -6.51703995341
-8.10464210496 -7.52914486054
-5.21866632489 -6.75314210956
-5.620251298 -8.09507477663
-6.80542414465 -9.91451343417
-5.85754609921 -8.15210659949
-6.79637442114 -9.9392295346
-9.77000186412 -7.92754357199
-6.64703316026 -6.71440161533
-6.55811660517 -9.91741543103
-9.55400974305 -6.06517356066
-9.65036003504 -9.47229614111
-6.06661101582 -5.43349525254
-6.40153341559 -6.22852460328
-7.8834126426 -8.11297406653
-8.03664275268 -9.54876423481
-5.77083773476 -9.48694262381
-5.01254808861 -7.12389872967
-9.92180080054 -8.75421690107
-9.41703975421 -5.93640911331
-7.68243932605 -8.58517615153
-8.99349081369 -8.76508066166
-7.90753258821 -7.40169460312
-7.70386217512 -9.60158338658
-9.55914117738 -7.57679996317
-6.28014610796 -5.7048347566
-9.99671168367 -5.29015034449
-6.68151707514 -7.50592531511
-6.23754725104 -6.21681766597
-7.39855488404 -7.74905109685
-6.45902718126 -8.64765499845
-7.45764271593 -5.94029971294
-5.73571412925 -6.04202246022
-8.33604309209 -9.28865194002
-5.24839871374 -5.79162651431
-6.83610424656 -5.98358236494
-8.62717829984 -6.72979705465
-8.54308531524 -5.26731048118
-9.320885321 -6.10882885048
-9.18058752772 -6.85089821541
-9.71237534739 -6.75624329734
-7.79593692247 -5.07367121836
-9.89025118394 -5.32606567316
-9.29006969977 -5.39639270269
-8.62110571776 -7.65242537466
-9.03668636199 -8.2918268257
-5.04212665368 -9.50620961322
-5.99207464726 -5.88609377993
-5.46711685998 -5.49325659454
-8.89036417394 -9.44840400331
-5.73203392114 -8.14319616074
-6.36181597256 -8.42457609955
-9.68288544655 -8.61330224281
-9.4008059366 -9.63075472149
-7.24887572129 -5.60002627504
-5.37258990084 -5.98535475699
-6.78662404352 -7.64218913318
-7.32325619056 -9.44227872012
-8.72254191431 -5.83047174362
-7.05807745528 -8.14982130379
-5.67885178892 -7.21400508517
-9.88935812292 -5.33599943687
-7.66034981811 -8.19728158987
-9.1682233418 -6.29029990058
-9.09415731068 -7.38505763166
-8.98076354805 -5.95044518658
-6.78293999872 -9.14636068189
-5.62227029371 -8.68602267957
-9.69248520085 -6.19791767615
-7.67342602221 -9.40310913185
-6.32908487207 -9.47744963254
-7.86893150136 -6.38305889671
-6.51747959867 -6.26648862311
-6.63110173276 -7.43774348315
-8.59604294346 -8.10694713875
-6.99182555329 -9.38788547393
-9.15621643412 -9.25201593618
-6.95045221441 -9.66486577257
-9.29390326416 -9.69388224366
-6.76914571959 -6.05995203118
-9.7791211345 -8.89018774325
-7.65173685347 -6.47312642786
-8.265160615 -5.2020947898
-5.61659085316 -6.90138328321
-6.62482590386 -6.32663330751
-8.63941440949 -5.84856860899
-6.26451954153 -5.40458529467
-7.17773876858 -9.94996019015
-8.1411666531 -7.03812917216
-5.94363385612 -6.06341728904
-9.14299729931 -8.69084549622
-6.80240353382 -6.69342747858
-7.54137161829 -5.55870524787
-5.06316921551 -7.94209909692
-7.37702669468 -8.76029106776
-6.0240280741 -9.62319769708
-8.43267607852 -8.71243798519
-8.31576663475 -6.59693249223
-6.51933526901 -5.55403516975
-7.86780108572 -6.9972848308
-8.29104041805 -8.68969093139
-7.79708223477 -9.53995789718
-9.46587934218 -9.00629636704
-9.94434780662 -8.83384548526
-5.5285444686 -9.3777055255
-8.50497413864 -9.51270153177
-9.53857553681 -5.14335132789
-6.68210678387 -9.60386912258
-9.29924515523 -8.10458586833
-7.18832355284 -7.5661149111
-5.05409813356 -6.73816864104
-9.93060241255 -7.54710100177
-9.35688214519 -5.33587988236
-5.85264850608 -8.75130805509
-5.93501055203 -8.62209827306
-6.06075407381 -5.59562408214
-8.78378846394 -9.39705540852
-6.85660525325 -5.77267962303
-7.01799602727 -8.39247924962
-6.73407913265 -7.23661544542
-8.2666122974 -7.37152369988
-8.33555324377 -7.92049318254
-5.61006045062 -6.8383276828
-7.16879333196 -7.93274879844
-6.21104820836 -8.93751790368
-8.32637103109 -7.93800804695
-6.78262235413 -6.51884318325
-7.86442291884 -8.306761733
-6.01468956096 -7.27468145696
-9.34436684723 -8.55847365504
-7.39901754247 -8.21961192778
-9.54009084138 -5.18656609454
-8.43369659226 -7.13299831716
-5.55271854668 -7.33940075357
-5.70341571021 -5.75372480094
-7.61810382738 -9.51248440934
-5.47586124572 -5.08017678717
-5.80002748373 -8.8524216261
-6.69247261845 -9.95011951356
-5.4473480874 -5.60414652836
-9.98425603549 -5.27623357569
-8.78392957504 -9.10909054717
-7.31542224684 -8.21097327141
-8.19680178499 -9.73545519002
-5.26697298223 -8.98738683339
-9.25317053324 -8.36319484317
-6.88442526395 -8.89944164263
-9.14900324996 -9.54677251831
-6.61630892964 -6.73242476021
-6.77468349113 -7.57773996738
-8.98186527773 -8.01163350088
-7.38578868559 -5.18488094065
-6.18490960221 -6.91652170345
-8.80994321438 -7.35592743366
-6.39006491488 -5.51171574958
-5.90356800163 -8.026192664
-5.16716493509 -9.6325963277
-7.64336184845 -8.14576611303
-9.89241202024 -9.9310913379
-8.28083820867 -5.8126930006
-9.79093530117 -6.9435765446
-8.55692775549 -6.52601984371
-5.82154542243 -7.03439110485
-9.63105553387 -6.05423256468
-9.38598671755 -7.36520218045
-7.087789992 -5.52537072604
-5.37976448013 -9.7092980662
-7.17015784037 -8.14505323447
-6.16226079111 -7.18082001014
-6.96777128646 -7.62486356416
-6.29488301288 -8.04548709481
-9.75859636676 -6.26892545468
-9.23949773396 -6.97547230581
-8.14822760993 -6.02379978527
-6.95321323698 -5.85692835786
-8.50571044967 -9.36171727143
-5.78945299587 -6.53577181176
-5.50074568887 -9.418940947
-9.33305542752 -6.75504003306
-8.90376315978 -7.58844951657
-9.17416504102 -5.46187334034
-6.31495456111 -6.68029972974
-5.71337821262 -6.04073371844
-7.55719827005 -5.44288203156
-7.26401681145 -5.50120469962
-6.33872059071 -6.22345591513
-8.38570218508 -5.58857660809
-5.97649023002 -6.32151030966
-6.60795965483 -9.69522825087
-6.446757974 -7.99533577048
-8.48077047106 -7.30452733989
-8.83683562707 -8.26251859065
-8.28284659798 -5.6507949102
-9.50697033668 -5.80224141424
-5.65514741461 -8.3957229709
-6.97569457061 -5.54576013172
-5.62412435668 -9.70388765866
-6.28175736571 -7.74961369302
-5.04988168661 -6.73654660551
-8.16904990023 -9.76619895487
-7.73989049447 -9.07545134918
-8.13719146408 -7.02678612212
-6.54617369171 -7.25265368523
-9.88292740487 -9.67702328
-6.88314934373 -9.91306739544
-6.60093840016 -6.38176502406
-8.85043801549 -6.05559029529
-5.02809521686 -6.14022606668
-5.23582999453 -6.75056484027
-5.20223385431 -5.80644377741
-5.44914354371 -8.11408550155
-9.07906202735 -8.97748138161
-8.88209710897 -7.68626452213
-5.12140544931 -6.24531255654
-8.08231001903 -6.91973341141
-5.52337805192 -9.72282208295
-7.21139310393 -7.11223844524
-8.83300312778 -9.49553589742
-7.93830247776 -5.6718921165
-9.69223026865 -7.68130817155
-9.35857922116 -5.09646215303
-7.56790156305 -7.68178599455
-6.3889685094 -6.59476750823
-6.44124223206 -5.51714120156
-8.19359640504 -7.62603693426
-7.40200751537 -6.1149079441
-9.60464966538 -8.97518993775
-6.57900913853 -8.20974256144
-8.95468085429 -7.81494122049
-9.89034185314 -8.55418856024
-8.76131440531 -8.82527278955
-7.03610079267 -6.79061724041
-5.79530468969 -5.49409639137
-9.02019357355 -5.13031593161
-8.06482642401 -8.6813230386
-7.6984398064 -8.71782315026
-9.63093214803 -9.8763358282
-6.48104732784 -9.31941869731
-7.20342595978 -7.35197943468
-8.12318542076 -5.6178980019
-5.78335152132 -8.83576898179
-8.47393446909 -9.88062308662
-9.88824557836 -8.21324109324
-8.51659808679 -8.05768608744
-9.62857568552 -5.5836133281
-6.88402947486 -5.23925748451
-8.87985581642 -6.73303742369
-9.86515786902 -5.35898586521
-9.80506490032 -7.1728992083
-8.87512681749 -9.26838527861
-7.95737969739 -6.61352956566
-6.93097354601 -5.28358326148
-7.5474726096 -7.3882943701
-7.09329222736 -9.55827045372
-9.36761952637 -9.94316504858
-8.41896112574 -5.12558537711
-8.13767670284 -5.81501604869
-5.41808895137 -5.11143207496
-8.17032772273 -6.34603708329
-5.65794461714 -7.36936293516
-7.67948457828 -8.34270617252
-5.1937498127 -8.32728345155
-8.55155871505 -8.96594339287
-8.17624647484 -8.27123091928
-7.5395472087 -5.87211711146
-9.24985884666 -8.11704278619
-8.21089630689 -8.09511528458
-7.72400279294 -9.74648723862
-6.10316101163 -6.99159187916
-5.00273255755 -5.17294834555
-7.18401532374 -6.6064505143
-7.3564769402 -7.58465193299
-9.28354443206 -9.60872064594
-7.03210877677 -7.57280656456
-5.61225902851 -9.33369475558
-8.45019108156 -9.85932002589
-7.28512523822 -6.75618309631
-9.503649923 -9.3579741609
-9.59777516425 -7.18660900448
-5.92842246727 -9.30609762053
-8.87369183465 -6.31915877632
-5.90544744393 -7.29374049553
-7.05788766839 -6.0335018972
-9.98380103312 -9.85905593585
-6.65242951113 -7.03803518518
-5.58211870547 -8.61672778592
-5.37430117782 -9.89594991635
-8.6473275203 -6.63312548139
-5.08320775421 -9.46059972554
-8.25922681475 -6.22177435925
-8.35228407041 -8.29563070829
-5.58161404367 -8.26343756356
-8.50311221872 -5.46150013999
-8.27855329416 -6.88106624969
-9.7373402676 -9.34827911152
-8.91690226451 -7.921265684
-8.80895650563 -7.76702206099
-7.13605127955 -8.83982023067
-6.55168453973 -9.79599284359
-6.39886635494 -7.7543354071
-5.95218222455 -6.89408008371
-9.70324954224 -8.2625268959
-6.62563189571 -6.86037259793
-8.44083442136 -7.89421777654
-7.74577400367 -7.70850339489
-6.08292245167 -9.00363421028
-8.29841507297 -6.2862338798
-6.93249320777 -6.42722389379
-5.61788358069 -7.59892149888
-6.86491302517 -7.77989299474
-7.53727146967 -5.64235604303
-9.56969618188 -9.48200616561
-5.636350707 -6.29685599689
-8.87962343082 -6.87715255221
-6.80598071617 -7.31674846644
-5.5902561338 -8.04944961564
-7.7311070052 -5.3448593395
-6.39313675592 -9.96963376653
-8.496495436 -6.84944476622
-8.76675282585 -8.73668953937
-8.5670791593 -6.28875920054
-6.24681757258 -8.17111806638
-5.81694395552 -9.85622687083
-8.05401768406 -9.32254607162
-8.0639515228 -6.72628276319
-6.93938365583 -5.28734552565
-5.0479355941 -6.40642135095
-8.99075357436 -6.40693389632
-5.4564867224 -5.30763804769
-7.21317835876 -7.67994029629
-5.13800275666 -5.9219395109
-5.13404330605 -7.75199667163
-9.26516287888 -6.28352359182
-9.7021351564 -6.84626533111
-8.35436969033 -5.73944373988
-5.1083919973 -9.67927270827
-7.30573948448 -5.93932585111
-6.4404321584 -7.19419887251
-6.09274466368 -9.58910195733
-7.53222462201 -5.00051879596
-7.99055514503 -5.43081078024
-6.29312554023 -8.6657811855
-7.26899253444 -9.11707503163
-5.24051153294 -5.00733973139
-7.07453671254 -6.291468053
-5.35119947083 -5.08619685218
-6.75992259616 -7.47949630049
-9.46465983334 -7.88191716339
-5.23126671977 -5.16761621832
-8.79479578434 -7.85514802889
-6.34363701244 -6.45440038692
-5.86964252918 -6.94421533157
-6.3564188739 -9.53193737223
-9.87094709995 -5.68511847183
-9.0373807858 -6.35866981506
-9.27049153115 -6.75908149067
-7.6372472498 -9.23953361705
-9.03313560751 -5.05924615425
-5.61654748874 -8.07044572241
-9.84071822015 -7.06959310672
-7.3365475487 -5.53627506497
-9.83083704062 -7.7915202983
-8.44784160574 -7.58559430065
-6.14164413203 -5.66576967001
-9.43125767458 -7.81801821396
-7.57172363002 -7.46193135213
-6.31833312573 -7.0834621536
-8.21859151188 -6.01878022919
-6.90754297283 -5.27572476737
-7.70840606604 -5.5748644043
-7.31163523331 -5.93267807695
-9.27222494572 -9.25005974605
-6.00744367742 -6.20660228061
-9.71348552338 -6.04248857635
-8.46516225749 -7.57742491493
-9.05685499224 -5.67519741462
-8.47466653442 -5.84556225362
-5.69680381705 -8.29311460647
-9.88087949871 -5.40852416908
-9.17461187046 -8.58368528279
-6.32545049591 -6.97108670625
-9.21114966963 -8.10777868541
-9.32292326352 -7.06458435275
-6.40165834822 -6.19346367815
-6.48184598317 -6.77353001704
-8.00981101562 -5.28878254506
-6.26754821758 -6.36830270769
-8.10530719146 -9.85333872351
-6.34953756392 -7.96519785986
-6.77196036084 -9.30028538972
-9.04050719408 -9.41529149138
-7.8497744829 -5.74468541553
-6.10822696521 -6.98966959543
-9.92136320485 -7.4793029662
-5.20897477385 -8.97158895506
-9.70228967992 -6.0012688067
-6.92224992618 -8.0729534912
-9.83944150988 -9.43344918257
-9.20000057772 -9.25249355656
-6.37236096046 -7.29891820199
-8.8898806602 -8.74628456661
-5.24848863054 -7.02431370289
-5.28926357373 -5.01113782547
-9.45254592361 -6.85158851688
-5.29425471248 -7.91949173343
-6.22856918865 -6.76666596993
-7.11613570759 -7.74119718007
-7.96792688188 -8.46604803013
-9.75837008823 -5.78518936296
-6.40300184274 -8.55574486109
-9.86170600306 -5.87057962751
-6.88969287821 -8.11308007855
-7.96910902412 -5.67133531384
-6.01902589902 -8.58835268654
-7.35853497481 -7.83195873116
-6.43768798172 -9.4548783069
-9.92826057621 -7.65317257056
-6.3979602148 -8.78787873468
-9.43352329169 -7.90903506232
-9.73087994199 -8.0982728296
-8.69156682039 -8.72459655707
-7.80662347981 -6.96027428738
-7.97933011274 -7.38775916122
-6.74955142641 -6.03297221449
-8.74662567317 -9.6349744284
-8.80302510276 -9.88522856204
-9.43597642228 -8.45643299432
-5.17149309855 -6.16155431172
-7.23419412073 -7.92812482021
-5.6304914306 -5.29062752081
-6.12078485088 -6.83153144854
-9.72353028459 -5.20997736698
-6.99427256487 -5.51450731184
-5.37124131812 -9.91107547162
-9.63695517997 -9.96918468874
-6.8363851437 -7.22133858742
-6.59660375169 -8.60418896295
-5.75225837148 -7.83064267867
-6.08603238049 -5.96752867845
-9.5062584694 -7.9832548488
-9.26227157337 -9.72175920034
-7.08931171844 -9.09742145893
-7.53709368892 -5.14278077885
-6.82498381497 -7.07651143193
-9.47020402013 -9.66424190822
-6.25365774922 -8.61789317825
-6.58982319124 -7.52125019973
-9.58665742856 -5.26108180842
-7.07379425921 -8.07629042575
-5.27514156336 -9.49793317572
-8.18454892191 -5.49185520999
-5.36355190815 -9.25665634526
-6.24147883154 -6.76975519604
-9.415006374 -6.78259621943
-7.96617396938 -8.01446023071
-8.08384081219 -5.024469876
-9.60920419275 -7.99071141237
-7.11287609036 -6.67655447265
-8.18320053128 -6.28088335916
-9.59752289371 -7.12037286831
-7.95241914893 -6.29760753737
-6.6486822183 -5.5589755762
-8.33427775921 -9.14691919518
-7.1846614096 -5.25161563338
-9.87376677852 -5.68545705052
-9.12763289533 -8.21016834468
-7.18522307634 -9.82224861081
-5.60619408968 -6.10837724224
-5.82207093408 -8.65025889182
-5.3539074492 -5.13158445045
-5.0167633402 -6.58600548656
-6.56967325688 -9.39899393148
-5.00482548299 -8.32760033752
-5.6121750284 -5.13899219718
-6.92364358336 -9.92623928089
-5.68701896255 -5.2034916636
-7.47639422989 -5.56673602858
-5.782330825 -7.07411956769
-6.13805948817 -6.19680941901
-5.98944992749 -5.01779841937
-7.49004624756 -6.11878712335
-6.19832729034 -5.90302444183
-8.82831196157 -9.33259156947
-8.81818191835 -7.86768350078
-6.17865619248 -7.34869448954
-9.02188957579 -5.01745494917
-9.07744768672 -6.97821634155
-5.44681188038 -8.3450287958
-7.34892724346 -7.58346733403
-9.7250696882 -9.94765925499
-6.92085812847 -7.87891700268
-9.96050450218 -6.72161072427
-7.80895464587 -8.90931963532
-6.28055433956 -5.4128985362
-9.32166044212 -8.54197078773
-6.88505462284 -8.67987276116
-6.74691751405 -6.52545447772
-9.73564937169 -6.66184340772
-5.09200407 -9.60499865741
-5.83616206926 -7.74872514686
-7.81382627505 -7.3098737092
-6.78440230341 -6.76206331667
-5.56117443997 -6.02847794787
-9.08212551422 -7.56511810343
-5.39628862452 -6.67419594816
-8.75439470821 -6.31584240202
-8.88931769052 -5.83553963599
-9.98235802083 -8.61771200479
-7.48376499165 -5.90045655177
-7.38509550848 -6.36086642486
-7.00705577955 -7.75917337911
-5.05238267937 -9.3879824364
-8.34680441902 -5.8308316006
-9.7788122348 -9.71998057616
-9.90468548141 -7.8797314711
-9.52844941294 -7.64445479135
-9.8967885326 -9.97404613777
-9.46953313689 -8.35375816243
-5.54379446064 -7.06638400998
-8.56200863596 -6.81608663321
-6.29452630074 -7.36392458952
-6.08665566673 -7.04004759764
-6.8087247091 -8.74369363046
-5.09314145833 -9.54933755547
-8.1140687984 -5.93756573642
-5.68664633753 -8.52452772131
-8.73213912904 -8.92516852077
-6.6244342417 -6.87500612895
-9.60380276168 -6.13944945694
-8.00980468906 -8.44021691166
-5.07090930115 -8.88967380924
-9.37079686455 -8.5125898885
-5.29130182111 -6.31530877425
-7.65970689793 -7.53896746009
-7.68052472209 -5.41375487917
-8.27028348854 -6.18862687623
-8.71933204308 -6.19706000386
-7.3609550185 -8.46090689548
-9.19610446322 -6.99830856233
-5.91876724721 -8.54211932056
-5.88651130497 -7.42316297722
-6.75823042113 -9.24275675869
-9.90954807297 -7.38583425734
-7.09104475456 -6.114792609
-5.18821020668 -9.87412083631
-6.979972679 -8.21959655769
-5.66295509515 -5.14235057691
-6.20663134219 -7.76750836003
-5.37373704351 -6.28861056828
-9.10357644127 -6.02627950896
-9.06174829989 -9.58397876136
-7.75038936729 -5.25813746147
-8.41679704248 -9.43451405006
-6.30994532927 -7.59742686686
-7.81968291 -5.89721454282
-9.97748082709 -9.73771010187
-7.67007245708 -7.76643909549
-6.12981763807 -8.63646179307
-9.52374998285 -7.61601766313
-6.59540263732 -9.48159376707
-8.19137237021 -5.17308123098
-6.51523352301 -7.23101240956
-9.07902826393 -5.22779201512
-7.59562843394 -6.25851996607
-6.05809929546 -7.27820840517
-5.86992008072 -9.81480654426
-6.52588002123 -8.36012748438
-7.62580245383 -6.09148456281
-7.25300912052 -5.86010657805
-9.79594568305 -7.13498804
-5.12462794656 -7.3578690225
-8.04191314805 -8.93854086722
-8.7609524255 -9.28963608874
-6.50237636399 -5.50659168238
-8.14336535327 -5.00720165182
-7.28003962475 -8.68627721134
-7.70417739594 -8.25199149196
-9.77996646128 -5.03936569628
-9.59507171068 -9.39428251163
-5.95797870082 -7.15949552648
-7.18948540332 -6.74098494625
-9.79515038334 -9.43768891843
-5.70986715749 -8.23272490543
-5.63955930513 -9.0460973887
-9.23547604328 -6.60730931725
-8.72083218929 -9.05525980641
-5.27323709221 -9.30920485531
