0 0.35888
1000 0.33044
2000 0.6048
3000 0.69922
4000 0.72767
5000 0.73886
6000 0.73746
7000 0.73773
8000 0.73891
9000 0.73844
10000 0.73913
11000 0.73751
12000 0.73703
13000 0.73824
14000 0.73797
15000 0.73753
16000 0.73648
17000 0.73853
18000 0.73889
19000 0.73655
20000 0.73675
21000 0.73776
22000 0.73663
23000 0.73885
24000 0.73625
25000 0.73868
26000 0.73714
27000 0.73689
28000 0.7386
29000 0.7365
30000 0.7383
31000 0.73805
32000 0.73811
33000 0.73763
34000 0.73801
35000 0.7378
36000 0.73705
37000 0.73877
38000 0.73671
39000 0.73723
40000 0.73721
41000 0.73778
42000 0.73839
43000 0.73748
44000 0.73649
45000 0.73831
46000 0.73833
47000 0.73617
48000 0.73548
49000 0.73784
50000 0.73657
51000 0.73569
52000 0.73662
53000 0.73506
54000 0.73587
55000 0.73482
56000 0.73553
57000 0.73663
58000 0.73463
59000 0.73415
60000 0.73473
61000 0.7331
62000 0.73408
63000 0.73361
64000 0.73421
65000 0.73263
66000 0.73282
67000 0.73201
68000 0.73179
69000 0.73267
70000 0.73227
71000 0.73118
72000 0.73279
73000 0.73123
74000 0.73344
75000 0.73356
76000 0.73182
77000 0.73171
78000 0.73309
79000 0.73076
80000 0.73287
81000 0.73119
82000 0.73119
83000 0.73142
84000 0.7311
85000 0.73182
86000 0.73166
87000 0.73047
88000 0.73131
89000 0.73181
90000 0.73267
91000 0.73176
92000 0.73174
93000 0.72979
94000 0.73141
95000 0.7319
96000 0.73104
97000 0.73087
98000 0.72886
99000 0.72969
100000 0.72969
101000 0.7303
102000 0.72918
103000 0.72544
104000 0.72177
105000 0.71955
106000 0.716
107000 0.71392
108000 0.70901
109000 0.70493
110000 0.69908
111000 0.6981
112000 0.69087
113000 0.68015
114000 0.67516
115000 0.66897
116000 0.65884
117000 0.61755
118000 0.58146
119000 0.57294
120000 0.57696
121000 0.56788
122000 0.57406
123000 0.57267
124000 0.57364
125000 0.56823
126000 0.56576
127000 0.56539
128000 0.56499
129000 0.57591
130000 0.56484
131000 0.5033
132000 0.59023
133000 0.59666
134000 0.5896
135000 0.5955
136000 0.59293
137000 0.5811
138000 0.73484
139000 0.74601
140000 0.74358
141000 0.74119
142000 0.73707
143000 0.72814
144000 0.71775
145000 0.74525
146000 0.73812
147000 0.73724
148000 0.73865
149000 0.73823
150000 0.73755
151000 0.73878
152000 0.73789
153000 0.73667
154000 0.73659
155000 0.73645
156000 0.73894
157000 0.73672
158000 0.7375
159000 0.738
160000 0.73859
161000 0.73755
162000 0.73647
163000 0.7368
164000 0.73862
165000 0.73678
166000 0.73861
167000 0.73872
168000 0.73886
169000 0.73607
170000 0.73709
171000 0.73815
172000 0.73781
173000 0.7386
174000 0.73833
175000 0.73694
176000 0.73712
177000 0.7367
178000 0.73658
179000 0.73748
180000 0.73686
181000 0.73658
182000 0.73844
183000 0.73817
184000 0.73769
185000 0.73707
186000 0.73802
187000 0.73719
188000 0.73758
189000 0.73682
190000 0.73745
191000 0.73746
192000 0.73782
193000 0.73753
194000 0.73647
195000 0.73782
196000 0.73827
197000 0.73693
198000 0.73695
199000 0.73834
