0 0.40345
400 0.56566
800 0.7414
1200 0.68233
1600 0.72536
2000 0.74928
2400 0.75027
2800 0.7499
3200 0.74704
3600 0.74679
4000 0.74486
4400 0.74363
4800 0.74533
5200 0.74574
5600 0.74438
6000 0.74653
6400 0.74548
6800 0.74305
7200 0.74436
7600 0.74024
8000 0.74323
8400 0.73969
8800 0.74092
9200 0.74309
9600 0.74217
10000 0.74031
10400 0.74208
10800 0.73827
11200 0.73897
11600 0.74142
12000 0.74002
12400 0.73945
12800 0.73725
13200 0.73893
13600 0.73629
14000 0.73665
14400 0.73799
14800 0.73907
15200 0.73883
15600 0.73337
16000 0.73687
16400 0.73833
16800 0.73481
17200 0.73785
17600 0.73536
18000 0.73452
18400 0.73592
18800 0.7351
19200 0.73183
19600 0.73144
20000 0.73382
20400 0.73403
20800 0.7328
21200 0.73117
21600 0.73324
22000 0.73498
22400 0.73462
22800 0.73283
23200 0.73204
23600 0.73079
24000 0.73155
24400 0.72842
24800 0.73054
25200 0.72762
25600 0.72843
26000 0.72854
26400 0.73321
26800 0.72848
27200 0.72986
27600 0.72845
28000 0.72742
28400 0.72977
28800 0.72682
29200 0.73001
29600 0.72885
30000 0.72619
30400 0.72865
30800 0.72774
31200 0.72795
31600 0.72822
32000 0.72911
32400 0.72972
32800 0.72965
33200 0.72821
33600 0.72941
34000 0.72323
34400 0.72683
34800 0.72614
35200 0.72451
35600 0.72526
36000 0.72528
36400 0.72406
36800 0.72531
37200 0.7261
37600 0.72763
38000 0.72646
38400 0.72559
38800 0.72243
39200 0.72244
39600 0.72404
40000 0.72349
40400 0.72484
40800 0.72337
41200 0.72351
41600 0.72224
42000 0.72542
42400 0.72332
42800 0.72369
43200 0.72563
43600 0.72209
44000 0.72253
44400 0.71985
44800 0.71749
45200 0.71795
45600 0.71759
46000 0.72178
46400 0.7165
46800 0.72287
47200 0.72045
47600 0.72292
48000 0.71857
48400 0.71933
48800 0.71961
49200 0.71817
49600 0.71783
50000 0.71629
50400 0.71858
50800 0.72192
51200 0.7205
51600 0.72169
52000 0.72016
52400 0.71854
52800 0.72145
53200 0.72058
53600 0.72032
54000 0.71918
54400 0.71323
54800 0.7174
55200 0.71931
55600 0.71881
56000 0.71767
56400 0.71404
56800 0.71616
57200 0.71781
57600 0.71189
58000 0.71629
58400 0.71082
58800 0.71578
59200 0.71376
59600 0.71183
60000 0.70806
60400 0.70936
60800 0.70696
61200 0.70481
61600 0.69698
62000 0.69871
62400 0.68628
62800 0.68603
63200 0.66905
63600 0.63092
64000 0.55974
64400 0.46263
64800 0.23093
65200 0.19026
65600 0.40717
66000 0.0469
66400 0.01068
66800 0.00941
67200 0.00329
67600 0.00355
68000 0.00255
68400 0.00249
68800 0.0026
69200 0.00267
69600 0.00277
70000 0.00284
70400 0.00285
70800 0.00291
71200 0.00294
71600 0.00297
72000 0.00298
72400 0.00303
72800 0.00305
73200 0.00306
73600 0.00307
74000 0.0031
74400 0.0031
74800 0.00311
75200 0.00313
75600 0.00314
76000 0.00315
76400 0.00317
76800 0.00318
77200 0.00318
77600 0.00317
78000 0.00318
78400 0.0032
78800 0.0032
79200 0.0032
79600 0.00322
