0 0.45456
1000 0.49172
2000 0.48916
3000 0.58845
4000 0.38975
5000 0.6106
6000 0.55263
7000 0.5648
8000 0.4936
9000 0.55452
10000 0.57062
11000 0.53461
12000 0.58857
13000 0.56408
14000 0.61554
15000 0.64004
16000 0.6592
17000 0.61023
18000 0.63558
19000 0.55653
20000 0.64069
21000 0.64406
22000 0.63204
23000 0.66777
24000 0.68987
25000 0.67741
26000 0.61957
27000 0.62479
28000 0.65998
29000 0.67354
30000 0.68083
31000 0.66586
32000 0.66877
33000 0.61622
34000 0.65835
35000 0.65772
36000 0.67737
37000 0.67655
38000 0.65708
39000 0.69419
40000 0.71414
41000 0.6861
42000 0.70458
43000 0.68005
44000 0.69228
45000 0.70663
46000 0.68371
47000 0.72367
48000 0.68562
49000 0.69009
50000 0.69417
51000 0.72081
52000 0.67406
53000 0.71594
54000 0.71237
55000 0.68852
56000 0.71758
57000 0.67339
58000 0.73285
59000 0.69117
60000 0.72006
61000 0.71499
62000 0.73578
63000 0.71718
64000 0.69223
65000 0.70049
66000 0.70978
67000 0.71334
68000 0.72534
69000 0.71514
70000 0.71428
71000 0.72094
72000 0.70183
73000 0.72454
74000 0.70623
75000 0.72164
76000 0.71778
77000 0.7207
78000 0.71625
79000 0.70742
80000 0.72204
81000 0.71043
82000 0.72256
83000 0.71013
84000 0.72448
85000 0.73611
86000 0.72298
87000 0.71374
88000 0.73368
89000 0.70998
90000 0.7134
91000 0.71956
92000 0.70291
93000 0.71837
94000 0.72661
95000 0.72434
96000 0.73449
97000 0.72323
98000 0.71144
99000 0.71548
100000 0.72199
101000 0.73043
102000 0.73835
103000 0.71087
104000 0.72938
105000 0.72982
106000 0.74106
107000 0.71792
108000 0.74118
109000 0.73418
110000 0.72963
111000 0.71801
112000 0.70891
113000 0.72299
114000 0.72354
115000 0.73256
116000 0.73258
117000 0.7234
118000 0.74314
119000 0.7232
120000 0.74105
121000 0.73099
122000 0.7404
123000 0.73474
124000 0.7454
125000 0.72231
126000 0.72599
127000 0.72127
128000 0.7179
129000 0.73686
130000 0.73962
131000 0.73081
132000 0.73073
133000 0.72598
134000 0.73588
135000 0.72591
136000 0.72056
137000 0.73875
138000 0.73575
139000 0.72971
140000 0.74069
141000 0.73483
142000 0.74852
143000 0.73209
144000 0.7259
145000 0.74499
146000 0.7289
147000 0.73355
148000 0.73563
149000 0.72322
150000 0.72916
151000 0.74983
152000 0.72767
153000 0.74291
154000 0.72639
155000 0.74774
156000 0.73647
157000 0.73481
158000 0.73067
159000 0.73089
160000 0.74159
161000 0.7423
162000 0.74539
163000 0.73786
164000 0.73705
165000 0.74141
166000 0.7375
167000 0.737
168000 0.73313
169000 0.73311
170000 0.72986
171000 0.73573
172000 0.73427
173000 0.74155
174000 0.73573
175000 0.74349
176000 0.73186
177000 0.74188
178000 0.73615
179000 0.74669
180000 0.74306
181000 0.74597
182000 0.74135
183000 0.74217
184000 0.72988
185000 0.73469
186000 0.74829
187000 0.74719
188000 0.73035
189000 0.74136
190000 0.7351
191000 0.73126
192000 0.74194
193000 0.73948
194000 0.75297
195000 0.73908
196000 0.73522
197000 0.74108
198000 0.73266
199000 0.74857
