0 0.41371
1000 0.46634
2000 0.56897
3000 0.5446
4000 0.51074
5000 0.58851
6000 0.60533
7000 0.58336
8000 0.50244
9000 0.509
10000 0.56659
11000 0.5305
12000 0.54516
13000 0.59376
14000 0.54993
15000 0.56757
16000 0.58073
17000 0.61193
18000 0.56799
19000 0.53721
20000 0.6196
21000 0.63924
22000 0.59165
23000 0.65419
24000 0.6393
25000 0.64413
26000 0.65963
27000 0.72897
28000 0.63092
29000 0.66375
30000 0.68691
31000 0.69433
32000 0.707
33000 0.66732
34000 0.67404
35000 0.66498
36000 0.71393
37000 0.69911
38000 0.70138
39000 0.7205
40000 0.68721
41000 0.70802
42000 0.66135
43000 0.68895
44000 0.67213
45000 0.70985
46000 0.68364
47000 0.67855
48000 0.69851
49000 0.70283
50000 0.73606
51000 0.69624
52000 0.70606
53000 0.67793
54000 0.7233
55000 0.70358
56000 0.6923
57000 0.72136
58000 0.70988
59000 0.71896
60000 0.71102
61000 0.73216
62000 0.71682
63000 0.68946
64000 0.70099
65000 0.70317
66000 0.73213
67000 0.7134
68000 0.70419
69000 0.7279
70000 0.71946
71000 0.73218
72000 0.70915
73000 0.7009
74000 0.72565
75000 0.7213
76000 0.72693
77000 0.70592
78000 0.73618
79000 0.71027
80000 0.73793
81000 0.72675
82000 0.732
83000 0.65898
84000 0.65013
85000 0.65725
86000 0.62932
87000 0.57932
88000 0.59614
89000 0.58189
90000 0.5395
91000 0.53016
92000 0.52988
93000 0.47899
94000 0.4457
95000 0.48734
96000 0.50076
97000 0.38473
98000 0.39362
99000 0.33082
100000 0.51723
101000 0.47253
102000 0.28709
103000 0.37087
104000 0.30812
105000 0.22803
106000 0.15981
107000 0.0726
108000 0.07149
109000 0.0575
110000 0.03649
111000 0.02021
112000 0.02199
113000 0.01135
114000 0.01257
115000 0.0117
116000 0.01361
117000 0.01129
118000 0.01054
119000 0.01414
120000 0.01122
121000 0.01052
122000 0.01062
123000 0.01068
124000 0.00894
125000 0.00995
126000 0.00845
127000 0.00945
128000 0.00826
129000 0.00852
130000 0.0082
131000 0.00737
132000 0.00801
133000 0.00881
134000 0.00804
135000 0.00718
136000 0.0076
137000 0.00785
138000 0.00711
139000 0.00802
140000 0.00769
141000 0.00762
142000 0.00749
143000 0.00751
144000 0.0069
145000 0.00661
146000 0.007
147000 0.00678
148000 0.0067
149000 0.00682
150000 0.00634
151000 0.00662
152000 0.00642
153000 0.00621
154000 0.00628
155000 0.00637
156000 0.00665
157000 0.00614
158000 0.00573
159000 0.00657
160000 0.00646
161000 0.00657
162000 0.00567
163000 0.00582
164000 0.00603
165000 0.00568
166000 0.0056
167000 0.00583
168000 0.00632
169000 0.00542
170000 0.0059
171000 0.00589
172000 0.00542
173000 0.00604
174000 0.00588
175000 0.0056
176000 0.00543
177000 0.00536
178000 0.0059
179000 0.00565
180000 0.00577
181000 0.00588
182000 0.00533
183000 0.0056
184000 0.00579
185000 0.00616
186000 0.0057
187000 0.00594
188000 0.00545
189000 0.00593
190000 0.00542
191000 0.00536
192000 0.00524
193000 0.00594
194000 0.00581
195000 0.00547
196000 0.00574
197000 0.00564
198000 0.00522
199000 0.00577
