-0.304849174807 -2.89386306873
-0.620106858557 -2.56059783313
-3.91376706521 -3.14327865637
-4.88644910829 -2.77409110763
-0.747280330727 -3.42244296514
-3.43947894359 -1.81572855677
-1.70361278428 -0.438798027115
-1.56893239354 -4.63077034365
-1.58825833809 -4.8547481138
-3.35222339508 -4.60689265429
-0.464218685847 -0.74499619418
-2.31889395843 -2.05880595892
-4.15958805526 -0.298747503715
-0.456949231236 -1.58655320215
-4.91411888878 -1.60321429203
-0.016852236408 -4.10772529277
-4.28193237612 -1.51823728366
-1.74179266726 -0.842127338321
-3.52711445234 -1.10497846184
-4.8954495168 -1.73871325201
-2.12227558425 -1.3693274496
-3.31767212099 -2.77548862473
-3.72305304572 -1.91670527304
-1.03731144098 -1.79758282981
-3.61898203906 -1.52493111678
-1.45779053744 -4.95175035762
-2.5345117647 -2.72439200596
-1.15726548825 -4.58744131629
-4.64365284887 -3.83698900006
-3.69613492872 -1.2736022049
-4.01949314538 -1.04723940176
-2.99982647018 -1.75229346215
-2.39943530037 -4.81734064091
-0.31675770748 -2.07619673756
-1.97663984351 -2.36737441982
-1.01344092698 -3.31006585326
-1.68726710901 -3.07964545917
-0.564879459612 -4.92548287318
-4.29620438464 -3.63375988781
-4.10787644216 -1.24391065151
-0.58195965684 -1.57465588511
-2.5266414185 -3.59031629771
-2.69798518448 -2.96148976396
-3.56900607622 -3.82316233397
-3.91918390896 -2.10892468388
-1.3493194482 -4.90960807834
-3.31856468767 -3.72245474383
-2.60089490911 -1.95275879568
-4.43031775911 -3.8835282839
-3.29432445984 -1.86443799719
-1.3879828824 -4.76523029291
-1.35450957078 -4.83468582085
-2.71724954896 -3.98729618664
-1.7428283633 -2.01921091781
-0.616438653962 -0.784045553883
-1.55715445046 -3.53597015625
-4.85313502476 -1.93044171301
-4.52594606726 -3.53536751746
-3.27981760498 -1.18712900158
-1.97607070283 -1.45763258417
-2.99436796104 -1.17403685515
-3.70667506465 -0.100611592895
-0.453746939073 -0.772635653579
-4.70643975622 -2.30727075712
-0.027607213134 -1.35714123623
-3.65069595911 -1.47936902765
-4.16493761764 -1.98621866332
-3.23675789015 -0.842163149942
-2.34468587208 -2.96725233667
-3.05282970158 -1.28487379353
-2.51941276195 -1.39579443469
-0.523203663119 -1.39792885673
-2.88826451366 -0.842340745023
-4.436543004 -0.219960879571
-0.137527670657 -1.06197059453
-2.33018795667 -1.15788568282
-2.16880204677 -2.01753702803
-3.47872516013 -2.36058069198
-2.88999711346 -4.59264456242
-3.3021800692 -3.0081589677
-2.67171237249 -0.68747557705
-1.89404407618 -1.07529291946
-1.11872666732 -4.55569404025
-1.87808313536 -4.80294572658
-0.112743089007 -3.87706049112
-1.84834995979 -3.63313633741
-2.07188624217 -0.470171929141
-0.109524382028 -0.191127134767
-2.97056699592 -2.37799129204
-1.64730225375 -4.32552597142
-4.60930918134 -1.39348660425
-2.26276710211 -2.28874416604
-4.45203790538 -3.27896257127
-2.78946401205 -1.1703296708
-4.09425997874 -0.526030372093
-2.84982451031 -0.638224078416
-1.81507138845 -3.16724080496
-2.89256634129 -2.87448323108
-1.57968116556 -2.01189497422
-1.16660423788 -0.0343697692903
-3.21960548614 -2.22431120786
-0.60115148498 -0.996335220294
-4.40693657255 -1.33598910633
-0.796044994433 -2.69522054623
-0.284144772992 -2.13854693514
-4.32296889621 -1.21771029247
-0.33007268738 -4.16944369752
-0.470830993695 -3.92607389931
-1.45165222773 -0.257761272937
-1.17590234302 -3.99831533027
-0.692150839408 -0.0866740576506
-3.42930155626 -4.1609819722
-3.76830691134 -2.24118003181
-2.70937716006 -2.29659207542
-4.8932468475 -0.856149850799
-0.414934085137 -3.39011101256
-0.724074744894 -2.91184342515
-4.26236533626 -0.442330344
-0.207298122138 -3.76403175658
-3.59700490793 -2.59346065651
-0.578170450699 -1.01179598383
-1.2424653607 -0.275999346611
-1.0680417359 -3.81924158678
-0.916762929242 -2.31131011392
-2.19569555489 -2.04521398975
-0.958678052636 -4.67952363179
-3.60239188034 -0.841166899724
-1.51981875363 -0.0256449035792
-3.85821096055 -3.50419284141
-2.92844175078 -2.31551023391
-4.40303801497 -0.123770236053
-4.95110140157 -0.810926119447
-0.0485636161236 -1.8121349541
-4.77183786403 -4.18092626246
-3.9965177926 -4.83611917405
-3.08854429329 -0.352132524642
-4.66546029118 -2.81847827823
-1.10778995994 -1.44910753522
-4.02211571338 -1.6512375079
-3.66402221463 -4.7187476544
-1.10198586366 -2.00658408834
-0.910530022472 -4.05178429002
-1.99117557063 -0.0468600325151
-0.373157790643 -0.767756039735
-0.050660828652 -2.63878228284
-3.04483307687 -4.44788930539
-4.14672945604 -3.86680256474
-4.39462111464 -0.0255095762516
-4.10850226403 -4.08191391597
-1.23090420265 -3.78482307825
-3.54214317154 -4.57035096839
-0.0669709104986 -1.76995789558
-4.85795091772 -1.48228445743
-0.0801957278083 -1.47844356038
-2.06515650769 -0.516593906874
-1.41167032784 -4.32949173089
-2.22987783587 -0.319024908436
-2.28263667383 -4.01374512285
-3.3463925831 -2.37973194608
-1.67874669226 -4.26671103073
-4.00121944982 -2.08705154255
-4.78329410578 -1.54858136695
-3.73346445953 -3.20901511949
-4.42728960015 -0.138850594366
-4.61754878123 -1.14065251298
-3.00071487397 -0.4397003655
-4.6591138393 -3.52438670639
-4.30889196997 -1.46416160545
-2.76014107275 -3.46483451658
-4.54034992026 -0.0469778037112
-0.217289414179 -2.35737575749
-0.296127265248 -0.594278517452
-1.59058783546 -1.12381739772
-0.167618643588 -1.29474709393
-2.64214776602 -4.34439511994
-0.628795208899 -2.48301186472
-2.09310444525 -4.06071408452
-4.70090163327 -3.89223668456
-2.48087831436 -0.169384200062
-3.94668312715 -1.35212752871
-3.08887867863 -1.08718163992
-4.602655914 -4.97934339641
-4.19366567248 -2.77276265412
-4.65803615034 -2.69674006095
-2.11363518601 -2.52994395856
-3.03360311486 -1.3750809173
-3.09951691552 -3.20106468449
-0.392828582433 -2.89253927865
-1.13477513612 -4.04138633713
-3.29419106803 -2.44881311557
-3.42983796624 -4.85048050524
-2.24910628119 -3.95345327046
-4.68702893987 -0.601101468075
-3.17958807323 -1.31874301886
-1.49270430025 -1.3706644168
-1.65091195268 -1.66013468224
-2.59909996739 -0.794932857197
-4.21888567697 -2.61659290851
-4.26988391359 -3.63211860258
-3.82810685463 -3.24377306233
-2.0257460789 -1.76867618309
-0.530356538114 -1.00258926668
-3.02676985796 -1.77673849431
-1.77518262836 -2.11791274835
-0.371479771376 -3.33769744385
-0.319331570534 -2.66348704404
-2.59325732034 -2.88332130759
-4.01730068534 -0.340541658006
-1.60733465931 -4.12438732916
-0.363895234878 -3.65464881083
-1.26756787806 -2.81044444112
-2.55811970481 -2.34078369821
-4.32429867483 -4.20690996692
-4.93565757239 -2.18241498822
-0.741535472292 -0.661863694148
-0.477207499493 -0.0114632558371
-3.30264573197 -2.72655133671
-3.64540833003 -1.98923422631
-1.63486248838 -2.80529239136
-2.05186468465 -0.0373187809553
-0.262272226788 -3.06700621704
-1.09178465019 -0.562806980118
-2.21659466149 -4.34558009149
-4.01789381287 -2.38091006791
-3.79774447938 -3.40945722838
-2.82341313805 -1.56951278089
-3.59941101865 -2.08183886714
-0.213961605848 -0.652352778493
-0.192825116283 -2.54931940744
-0.00630481900074 -2.00301995491
-0.385137848651 -4.7846588658
-2.14626784596 -0.161648121096
-2.79820114127 -2.17694717786
-2.78361400835 -2.24856589801
-0.733149520161 -4.29909167967
-4.93481042974 -1.00724136399
-0.51301414045 -3.24755467143
-0.612834147691 -4.90584046518
-4.37299368215 -3.67813697407
-0.826207017474 -4.80444781383
-3.16439952616 -0.598438301131
-4.01284571218 -0.817408602487
-3.66842578595 -4.33819501329
-0.8202331216 -0.417864382779
-4.03911040363 -2.80430725824
-0.390507635641 -0.759895222567
-1.45049927207 -1.28740043084
-1.98294679821 -3.43475669238
-1.4716365036 -3.34328530345
-3.00832482722 -4.12932965863
-1.67403974555 -4.34174547667
-1.3570986662 -3.16331715642
-3.27272764361 -2.07611193896
-2.23324340035 -1.01655915765
-0.896953551073 -2.19855561987
-2.08787819377 -1.84747182718
-0.0993599049755 -4.33740234458
-0.337862351401 -3.7334237338
-0.415564018116 -2.99792572009
-2.203454225 -3.35691583505
-0.285892153829 -1.94674734496
-4.97991937055 -1.47180581818
-2.44810558273 -1.53143934689
-4.11405952224 -3.93508234885
-4.13669738628 -4.90855987913
-1.87555721673 -3.94209760737
-0.303276635796 -3.87500026974
-3.63681948641 -3.3705584927
-1.97613106441 -3.72644475523
-4.86736804514 -0.206217171292
-3.27827977913 -1.08054540082
-0.740501820679 -2.23709047145
-2.17405188979 -1.32696706924
-2.60829661167 -3.65434999709
-3.14594923687 -2.98297657652
-4.62647183946 -0.46100862351
-3.17776670715 -4.48281854925
-3.27185887218 -4.54487373915
-4.26355110813 -3.53685593012
-4.78382697677 -0.985660467735
-3.46866176878 -3.00158476715
-1.78653419106 -2.6646483906
-3.63610568657 -3.90411115905
-3.46749999498 -1.20922003583
-2.62378972143 -1.79701337575
-0.77293694867 -1.83521968383
-4.07977125273 -2.85447191174
-1.66270658799 -0.342187577996
-4.10502077717 -4.53548028258
-2.32636895397 -2.70291126344
-0.381201953702 -3.54717052623
-4.42078936667 -3.89842755149
-3.19814277611 -4.05520261038
-1.12832726399 -2.83338019137
-4.12976464345 -0.976270040637
-0.165482906641 -4.54301425634
-1.99686871314 -4.03401882792
-3.69728000311 -4.85391472841
-1.78941688974 -0.20812224347
-4.4779305037 -2.06965720058
-0.274157211105 -3.65083870362
-2.92459892201 -2.43002594945
-4.29155466538 -1.36885670981
-3.96249687487 -1.8251038393
-1.05908254361 -2.0243661188
-0.150318792354 -3.45427191964
-2.27612616871 -2.26669110045
-3.4669854573 -1.20002534072
-3.1239349357 -2.97103928272
-1.60316100595 -3.65230948621
-3.08366795266 -1.07027416724
-3.19127179891 -0.370069786158
-0.156704551329 -2.61322781974
-4.57467973121 -4.64490151311
-3.62595053213 -0.370552229363
-1.10561314561 -1.45937619446
-1.94342094895 -1.58689031392
-4.91178476043 -1.83859676024
-4.79305034744 -3.88052810373
-3.0001359248 -1.71353840366
-0.162723626296 -4.26303125182
-3.73980127312 -1.9422107265
-3.17895482982 -1.29685372095
-3.00272022467 -0.419311749762
-4.52188681334 -1.69704440331
-3.23332228325 -1.9014899587
-2.73701572793 -2.09261478928
-3.33344939328 -2.41833465266
-2.00433074633 -3.12996331471
-0.0969536290884 -2.35241639289
-0.0620047452167 -2.83083172232
-2.10838704877 -2.73735011312
-3.41285462399 -1.09108483747
-3.67470288046 -2.38084160725
-2.21679535665 -1.88566647966
-2.40279818331 -3.12738067082
-1.54858270881 -3.91468414106
-4.64612804344 -4.72202240984
-3.37419929041 -2.05058361351
-3.5029094791 -2.84895050947
-0.682651001988 -0.110102289715
-3.12916382312 -2.79607361805
-3.179780981 -3.40493533337
-4.61765783344 -1.07057901527
-0.387505870388 -0.289541662534
-1.82711788404 -1.31759925215
-4.00541762308 -2.0535215214
-4.02504154787 -3.68740518397
-1.53083131532 -0.654517105088
-2.13912214601 -4.18780686019
-0.578105446799 -3.57290046844
-0.374798464332 -2.57647947423
-2.91182892128 -2.31530890904
-1.34471796189 -4.53016888929
-0.00345459647414 -1.97622468549
-0.153341666395 -1.66257346954
-1.57480794865 -0.0409805083345
-4.55948092832 -1.10858610881
-0.728015022905 -0.0491941144887
-1.07184654631 -1.05692587572
-3.98268773528 -2.43143308759
-4.74542902672 -1.20130664097
-3.80316708754 -0.984995607531
-3.5525742039 -1.58960111093
-1.46464539339 -3.55718411365
-0.0284697128286 -4.49049738024
-1.24096664798 -3.74006
-2.98566938227 -2.4097376054
-3.86879800241 -4.91509862314
-0.839746168399 -0.636227991895
-4.89187200796 -4.76424182323
-2.91510391838 -1.91859608665
-1.50622434038 -3.65567153477
-2.61196313364 -3.15267140655
-0.0499999903531 -3.89650303192
-0.442301349519 -3.52284521285
-3.32211888203 -0.334627354462
-1.73667722072 -4.7426073385
-0.505163636626 -2.48966408869
-0.850875775331 -1.8582268766
-1.25945937268 -4.94235427429
-1.85898284192 -3.34289737274
-2.07738436834 -1.01699396665
-1.19821048131 -0.609647729208
-4.30956442651 -4.0754171429
-0.0843278768844 -1.08016092576
-2.1100561318 -3.57202900797
-0.790764215661 -4.9228670507
-3.30074648223 -0.872257971346
-4.11122567362 -0.6309855742
-2.83792120383 -3.88269656874
-4.68336662201 -4.6527786264
-4.2287905821 -4.42495477054
-1.71534167914 -3.0376709565
-0.171303847145 -2.98745367605
-2.83878247295 -0.67415546591
-1.01779781427 -3.09169764531
-0.567078481782 -1.15747232416
-0.38349586653 -2.32511533515
-1.42699368865 -4.23597032401
-3.17443733227 -2.15638565075
-0.404442116927 -2.58349468445
-1.14851208732 -4.49659688004
-2.64125529706 -4.25420855356
-4.35081921558 -2.33985458671
-4.0490297248 -3.78000814827
-2.03360820449 -0.391658040658
-2.14949722032 -4.37506838054
-4.32239611638 -1.55580116348
-4.91268913912 -1.33174830941
-0.210220136722 -1.00243336187
-4.56527971363 -3.82688263162
-2.37358996385 -0.392656582979
-3.80944653572 -3.48296004659
-1.89535789504 -2.47085513946
-4.78133367511 -3.24685789044
-4.379748702 -1.90492522337
-3.19457585535 -0.0854865658293
-4.14245390079 -1.84789340051
-3.20362557886 -0.0607704653957
-0.229998135883 -2.07245642801
-3.35296683974 -3.28559838467
-3.44188339483 -0.0825845689714
-0.445990256954 -3.93482643934
-0.349639964958 -0.527703858887
-3.93338898418 -4.56650474746
-3.59846658441 -3.77147539672
-2.1165873574 -1.88702593347
-1.96335724732 -0.45123576519
-4.22916226524 -0.513057376189
-4.98745191139 -2.87610127033
-0.0781991994551 -1.24578309893
-0.582960245789 -4.06359088669
-2.31756067395 -1.41482384847
-1.00650918631 -1.23491933834
-2.09246741179 -2.59830539688
-2.29613782488 -0.398416613421
-0.440858822621 -2.42320003683
-3.71985389204 -4.2951652434
-0.00328831632868 -4.70984965551
-3.31848292486 -2.49407468489
-3.76245274896 -3.78318233403
-2.60144511596 -2.25094890315
-3.54097281874 -1.35234500155
-2.54235728407 -4.05970028706
-4.26428587075 -3.95797753978
-1.66395690791 -0.711348059979
-4.75160128626 -4.20837348569
-3.16389575344 -4.01641763506
-1.37282170016 -3.27020294535
-1.45691468476 -4.73268951882
-0.679114679001 -3.89117114952
-0.819412472281 -3.14910178459
-0.287624652609 -3.24375670266
-2.20406307753 -4.92632878164
-0.109748816057 -4.67393432684
-0.709930300232 -4.60360729731
-1.37889428224 -2.34757462534
-0.963313638011 -1.7081731743
-4.95787334632 -0.493790386785
-4.00792535274 -4.11390622007
-4.53288314002 -4.50674340546
-1.10963582606 -0.551595996687
-4.26796607886 -1.85680383926
-3.63818402744 -1.57542390045
-0.317114553454 -1.38669775719
-0.599194063396 -0.369245278514
-2.75112427871 -4.39997372496
-4.62741009916 -4.01464524301
-3.21337595648 -2.35781086682
-2.67674380944 -0.557721279879
-1.27745808569 -4.16952825638
-2.94192254472 -1.85017869621
-4.32114821108 -2.78599491483
-0.110641877079 -4.66400056313
-2.33965018189 -1.80271841013
-0.831776658197 -3.70970009942
-0.905842689325 -2.61494236834
-1.01923645195 -4.04955481342
-3.21706000128 -0.853639318106
-4.37772970629 -1.31397732043
-0.307514799151 -3.80208232385
-2.32657397779 -0.596890868151
-3.67091512793 -0.522550367462
-2.13106849864 -3.61694110329
-3.48252040133 -3.73351137689
-3.36889826724 -2.56225651685
-1.40395705654 -1.89305286125
-3.00817444671 -0.612114526073
-0.843783565883 -0.74798406382
-3.04954778559 -0.335134227425
-0.706096735842 -0.306117756341
-3.23085428041 -3.94004796882
-0.220878865504 -1.10981225675
-2.34826314653 -3.52687357214
-1.734839385 -4.7979052102
-4.38340914684 -3.09861671679
-3.37517409614 -3.67336669249
-1.36058559051 -4.15143139101
-3.73548045847 -4.59541470533
-2.82226123142 -0.0500398098498
-1.8588333469 -2.96187082784
-4.05636614388 -3.93658271096
-0.857002700694 -1.30915450378
-3.19759646618 -3.30657252142
-2.45862838171 -4.44129475213
-4.93683078449 -2.05790090308
-2.62297330532 -1.23970893224
-3.9759719259 -0.376802302925
-1.56732392148 -1.28756201481
-1.68423336525 -3.40306750777
-3.48066473099 -4.44596483025
-2.13219891428 -3.0027151692
-1.70895958195 -1.31030906861
-2.20291776523 -0.460042102821
-0.534120657816 -0.993703632957
-0.0556521933809 -1.16615451474
-4.4714555314 -0.6222944745
-1.49502586136 -0.487298468227
-0.461424463188 -4.85664867211
-3.31789321613 -0.396130877423
-0.700754844767 -1.89541413167
-2.81167644716 -2.4338850889
-4.94590186644 -3.26183135896
-0.0693975874497 -2.45289899823
-0.643117854815 -4.66412011764
-4.14735149392 -1.24869194491
-4.06498944797 -1.37790172694
-3.93924592619 -4.40437591786
-1.21621153606 -0.602944591484
-3.14339474675 -4.22732037697
-2.98200397273 -1.60752075038
-3.26592086735 -2.76338455458
-1.7333877026 -2.62847630012
-1.66444675623 -2.07950681746
-4.38993954938 -3.1616723172
-2.83120666804 -2.06725120156
-3.78895179164 -1.06248209632
-1.67362896891 -2.06199195305
-3.21737764587 -3.48115681675
-2.13557708116 -1.693238267
-3.98531043904 -2.72531854304
-0.655633152772 -1.44152634496
-2.60098245753 -1.78038807222
-0.459909158616 -4.81343390546
-1.56630340774 -2.86700168284
-4.44728145332 -2.66059924643
-4.29658428979 -4.24627519906
-2.38189617262 -0.487515590664
-4.52413875428 -4.91982321283
-4.19997251627 -1.1475783739
-3.30752738155 -0.0498804864392
-4.5526519126 -4.39585347164
-0.0157439645089 -4.72376642431
-1.21607042496 -0.890909452833
-2.68457775316 -1.78902672859
-1.80319821501 -0.264544809981
-4.73302701777 -1.01261316661
-0.746829466764 -1.63680515683
-3.11557473605 -1.10055835737
-0.850996750037 -0.453227481688
-3.38369107036 -3.26757523979
-3.22531650887 -2.42226003262
-1.01813472227 -1.98836649912
-2.61421131441 -4.81511905935
-3.81509039779 -3.08347829655
-1.19005678562 -2.64407256634
-3.60993508512 -4.48828425042
-4.09643199837 -1.973807336
-4.83283506491 -0.367403672301
-2.35663815155 -1.85423388697
-0.107587979759 -0.0689086621012
-1.71916179133 -4.1873069994
-0.209064698829 -3.0564234554
-1.44307224451 -3.47398015629
-4.17845457757 -2.96560889515
-0.368944466135 -3.94576743532
-0.614013282446 -2.63479781955
-2.912210008 -4.47462927396
-4.62023551987 -0.290701933798
-2.82984215963 -1.85494676553
-3.83773920889 -2.81917998986
-3.03222871354 -2.37513643584
-3.70511698712 -1.95451290519
-0.241403633236 -3.73107454532
-0.760502266038 -3.02452769419
-1.85177239007 -3.97620021473
-3.04678676302 -4.14307164214
-1.49428955033 -0.638282728572
-4.21054700413 -3.46422818824
-4.49925431113 -0.581059053
-0.66694457248 -3.24495996694
-1.09623684022 -2.41155048343
-0.825834958977 -4.53812665966
-3.68504543889 -3.31970027026
-4.28662178738 -3.95926628156
-2.44280172995 -4.55711796844
-2.73598318855 -4.49879530038
-3.66127940929 -3.77654408487
-1.61429781492 -4.41142339191
-4.02350976998 -3.67848969034
-3.39204034517 -0.304771749132
-3.553242026 -2.00466422952
-1.51922952894 -2.69547266011
-1.16316437293 -1.73748140935
-1.71715340202 -4.3492050898
-0.49302966332 -4.19775858576
-4.34485258539 -1.6042770291
-3.02430542939 -4.45423986828
-4.37587564332 -0.296112341338
-3.71824263429 -2.25038630698
-4.95011831339 -3.26345339449
-1.83095009977 -0.233801045133
-2.26010950553 -0.924548650825
-1.86280853592 -2.97321387788
-3.45382630829 -2.74734631477
-0.117072595131 -0.322976720001
-3.11685065627 -0.0869326045614
-3.39906159984 -3.61823497594
-1.14956198451 -3.94440970471
-4.97190478314 -3.85977393332
-4.76417000547 -3.24943515973
-4.79776614569 -4.19355622259
-4.55085645629 -1.88591449845
-0.920937972648 -1.02251861839
-1.11790289103 -2.31373547787
-4.87859455069 -3.75468744346
-1.91768998097 -3.08026658859
-4.47662194808 -0.277177917051
-2.78860689607 -2.88776155476
-1.16699687222 -0.504464102583
-2.06169752224 -4.3281078835
-0.307769731355 -2.31869182845
-0.641420778839 -4.90353784697
-2.43209843695 -2.31821400545
-3.6110314906 -3.40523249177
-3.55875776794 -4.48285879844
-1.80640359496 -2.37396306574
-2.59799248463 -3.8850920559
-0.395350334621 -1.02481006225
-3.42099086147 -1.79025743856
-1.04531914571 -2.18505877951
-0.109658146862 -1.44581143976
-1.23868559469 -1.17472721045
-2.96389920733 -3.20938275959
-4.20469531031 -4.50590360863
-0.979806426446 -4.86968406839
-1.93517357599 -1.3186769614
-2.3015601936 -1.28217684974
-0.369067851973 -0.123664171804
-3.51895267216 -0.680581302694
-2.79657404022 -2.64802056532
-1.87681457924 -4.3821019981
-4.21664847868 -1.16423101821
-1.52606553091 -0.119376913378
-0.111754421638 -1.78675890676
-1.48340191321 -1.94231391256
-0.371424314475 -4.4163866719
-3.11597052514 -4.76074251549
-1.12014418358 -3.26696257631
-0.134842130984 -4.64101413479
-0.194935099681 -2.8271007917
-1.12487318251 -0.731614721395
-2.04262030261 -3.38647043434
-3.06902645399 -4.71641673852
-2.4525273904 -2.6117056299
-2.90670777264 -0.441729546284
-0.632380473625 -0.0568349514226
-1.58103887426 -4.87441462289
-1.86232329716 -4.18498395131
-4.58191104863 -4.88856792504
-1.82967227727 -3.65396291671
-4.34205538286 -2.63063706484
-2.32051542172 -1.65729382748
-4.8062501873 -1.67271654845
-1.44844128495 -1.03405660713
-1.82375352516 -1.72876908072
-2.4604527913 -4.12788288854
-0.750141153342 -1.88295721381
-1.78910369311 -1.90488471542
-2.27599720706 -0.253512761377
-3.89683898837 -3.00840812084
-4.99726744245 -4.82705165445
-2.81598467626 -3.3935494857
-2.6435230598 -2.41534806701
-0.716455567941 -0.391279354058
-2.96789122323 -2.42719343544
-4.38774097149 -0.666305244424
-1.54980891844 -0.140679974107
-2.71487476178 -3.24381690369
-0.496350076997 -0.642025839103
-0.40222483575 -2.81339099552
-4.07157753273 -0.693902379473
-1.12630816535 -3.68084122368
-4.09455255607 -2.70625950447
-2.94211233161 -3.9664981028
-0.0161989668821 -0.140944064154
-3.34757048887 -2.96196481482
-4.41788129453 -1.38327221408
-4.62569882218 -0.104050083648
-1.3526724797 -3.36687451861
-4.91679224579 -0.539400274459
-1.74077318525 -3.77822564075
-1.64771592959 -1.70436929171
-4.41838595633 -1.73656243644
-1.49688778128 -4.53849986001
-1.72144670584 -3.11893375031
-0.262659732399 -0.651720888477
-1.08309773549 -2.078734316
-1.19104349437 -2.23297793901
-2.86394872045 -1.16017976933
-3.44831546027 -0.204007156411
-3.60113364506 -2.2456645929
-4.04781777545 -3.10591991629
-0.296750457756 -1.7374731041
-3.37436810429 -3.13962740207
-1.55916557864 -2.10578222346
-2.25422599633 -2.29149660511
-3.91707754833 -0.996365789719
-1.70158492703 -3.7137661202
-3.06750679223 -3.57277610621
-4.38211641931 -2.40107850112
-3.13508697483 -2.22010700526
-2.46272853033 -4.35764395697
-0.430303818122 -0.517993834394
-4.363649293 -3.70314400311
-1.12037656918 -3.12284744779
-3.19401928383 -2.68325153356
-4.4097438662 -1.95055038436
-2.2688929948 -4.6551406605
-3.60686324408 -0.030366233475
-1.503504564 -3.15055523378
-1.23324717415 -1.26331046063
-1.4329208407 -3.71124079946
-3.75318242742 -1.82888193362
-4.18305604448 -0.143773129167
-1.94598231594 -0.677453928375
-1.9360484772 -3.27371723681
-3.06061634417 -4.71265447435
-4.9520644059 -3.59357864905
-1.00924642564 -3.59306610368
-4.5435132776 -4.69236195231
-2.78682164124 -2.32005970371
-4.86199724334 -4.0780604891
-4.86595669395 -2.24800332837
-0.73483712112 -3.71647640818
-0.297864843605 -3.15373466889
-1.64563030967 -4.26055626012
-4.8916080027 -0.320727291727
-2.69426051552 -4.06067414889
-3.5595678416 -2.80580112749
-3.90725533632 -0.410898042673
-2.46777537799 -4.99948120404
-2.00944485497 -4.56918921976
-3.70687445977 -1.3342188145
-2.73100746556 -0.882924968372
-4.75948846706 -4.99266026861
-2.92546328746 -3.708531947
-4.64880052917 -4.91380314782
-3.24007740384 -2.52050369951
-0.53534016666 -2.11808283661
-4.76873328023 -4.83238378168
-1.20520421566 -2.14485197111
-3.65636298756 -3.54559961308
-4.13035747082 -3.05578466843
-3.6435811261 -0.468062627766
-0.129052900047 -4.31488152817
-0.962619214204 -3.64133018494
-0.729508468852 -3.24091850933
-2.3627527502 -0.76046638295
-0.966864392489 -4.94075384575
-4.38345251126 -1.92955427759
-0.159281779849 -2.93040689328
-2.6634524513 -4.46372493503
-0.16916295938 -2.2084797017
-1.55215839426 -2.41440569935
-3.85835586797 -4.33423032999
-0.568742325425 -2.18198178604
-2.42827636998 -2.53806864787
-3.68166687427 -2.9165378464
-1.78140848812 -3.98121977081
-3.09245702717 -4.72427523263
-2.29159393396 -4.4251355957
-2.68836476669 -4.06732192305
-0.727775054278 -0.749940253947
-3.99255632258 -3.79339771939
-0.286514476615 -3.95751142365
-1.53483774251 -2.42257508507
-0.943145007757 -4.32480258538
-1.52533346558 -4.15443774638
-4.30319618295 -1.70688539353
-0.119120501294 -4.59147583092
-0.825388129545 -1.41631471721
-3.67454950409 -3.02891329375
-0.788850330372 -1.89222131459
-0.677076736477 -2.93541564725
-3.59834165178 -3.80653632185
-3.51815401683 -3.22646998296
-1.99018898438 -4.71121745494
-3.73245178242 -3.63169729231
-1.89469280854 -0.146661276489
-3.65046243608 -2.03480214014
-3.22803963916 -0.699714610278
-0.959492805921 -0.584708508625
-2.1502255171 -4.25531458447
-3.89177303479 -3.01033040457
-0.0786367951486 -2.5206970338
-4.79102522615 -1.02841104494
-0.297710320082 -3.9987311933
-3.07775007382 -1.9270465088
-0.160558490118 -0.566550817426
-0.799999422282 -0.74750644344
-3.62763903954 -2.70108179801
-1.1101193398 -1.25371543339
-4.75151136946 -2.97568629711
-4.71073642627 -4.98886217453
-0.547454076389 -3.14841148312
-4.70574528752 -2.08050826657
-3.77143081135 -3.23333403007
-2.88386429241 -2.25880281993
-2.03207311812 -1.53395196987
-0.241629911771 -4.21481063704
-3.59699815726 -1.44425513891
-0.138293996936 -4.12942037249
-3.11030712179 -1.88691992145
-2.03089097588 -4.32866468616
-3.98097410098 -1.41164731346
-2.64146502519 -2.16804126884
-3.56231201828 -0.545121693104
-0.0717394237917 -2.34682742944
-3.6020397852 -1.21212126532
-0.566476708312 -2.09096493768
-0.269120058015 -1.9017271704
-1.30843317961 -1.27540344293
-2.19337652019 -3.03972571262
-2.02066988726 -2.61224083878
-3.25044857359 -3.96702778551
-1.25337432683 -0.365025571603
-1.19697489724 -0.114771437956
-0.564023577723 -1.54356700568
-4.82850690145 -3.83844568828
-2.76580587927 -2.07187517979
-4.3695085694 -4.70937247919
-3.87921514912 -3.16846855146
-0.276469715413 -4.79002263302
-3.00572743513 -4.48549268816
-4.62875868188 -0.0889245283842
-0.363044820028 -0.0308153112631
-3.1636148563 -2.77866141258
-3.40339624831 -1.39581103705
-4.24774162852 -2.16935732133
-3.91396761951 -4.03247132155
-0.493741530604 -2.0167451512
-0.737728426633 -0.278240799659
-2.91068828156 -0.902578541072
-2.46290631108 -4.85721922115
-3.17501618503 -2.92348856807
-0.529795979868 -0.335758091779
-3.74634225078 -1.38210682175
-3.41017680876 -2.47874980027
-0.413342571438 -4.73891819158
-2.92620574079 -1.92370957425
-4.72485843664 -0.502066824284
-1.81545107809 -4.50814479001
-4.63644809185 -0.743343654743
-3.75852116846 -3.23024480396
-0.584993626 -3.21740378057
-2.03382603062 -1.98553976929
-1.91615918781 -4.975530124
-0.39079580725 -2.00928858763
-2.88712390964 -3.32344552735
-1.81679946872 -3.71911664084
-0.40247710629 -2.87962713169
-2.04758085107 -3.70239246263
-3.3513177817 -4.4410244238
-1.66572224079 -0.853080804824
-2.8153385904 -4.74838436662
-0.126233221478 -4.31454294948
-0.872367104666 -1.78983165532
-2.81477692366 -0.177751389187
-4.39380591032 -3.89162275776
-4.17792906592 -1.34974110818
-4.6460925508 -4.86841554955
-4.9832366598 -3.41399451344
-3.43032674312 -0.601006068523
-4.99517451701 -1.67239966248
-4.3878249716 -4.86100780282
-3.07635641664 -0.0737607191102
-4.31298103745 -4.7965083364
-2.52360577011 -4.43326397142
-4.217669175 -2.92588043231
-3.86194051183 -3.80319058099
-4.01055007251 -4.98220158063
-2.50995375244 -3.88121287665
-3.80167270966 -4.09697555817
-1.17168803843 -0.66740843053
-1.18181808165 -2.13231649922
-3.82134380752 -2.65130551046
-0.978110424209 -4.98254505083
-0.922552313279 -3.02178365845
-4.55318811962 -1.6549712042
-2.65107275654 -2.41653266597
-0.274930311797 -0.0523407450141
-3.07914187153 -2.12108299732
-0.0394954978179 -3.27838927573
-2.19104535413 -1.09068036468
-3.71944566044 -4.5871014638
-0.678339557885 -1.45802921227
-3.11494537716 -1.32012723884
-3.25308248595 -3.47454552228
-0.264350628312 -3.33815659228
-4.90799593 -0.395001342588
-4.16383793074 -2.25127485314
-2.18617372495 -2.6901262908
-3.21559769659 -3.23793668333
-4.43882556003 -3.97152205213
-0.917874485775 -2.43488189657
-4.60371137548 -3.32580405184
-1.24560529179 -3.68415759798
-1.11068230948 -4.16446036401
-0.0176419791669 -1.38228799521
-2.51623500835 -4.09954344823
-2.61490449152 -3.63913357514
-2.99294422045 -2.24082662089
-4.94761732063 -0.612017563596
-1.65319558098 -4.1691683994
-0.221187765196 -0.280019423841
-0.0953145185899 -2.1202685289
-0.471550587061 -2.35554520865
-0.103211467396 -0.0259538622314
-0.530466863114 -1.64624183757
-4.45620553936 -2.93361599002
-1.43799136404 -3.18391336679
-3.70547369926 -2.63607541048
-3.91334433327 -2.95995240236
-3.1912752909 -1.25630636954
-4.90685854167 -0.450662444531
-1.8859312016 -4.06243426358
-4.31335366247 -1.47547227869
-1.26786087096 -1.07483147923
-3.3755657583 -3.12499387105
-0.396197238325 -3.86055054306
-1.99019531094 -1.55978308834
-4.92909069885 -1.11032619076
-0.629203135453 -1.4874101115
-4.70869817889 -3.68469122575
-2.34029310207 -2.46103253991
-2.31947527791 -4.58624512083
-1.72971651146 -3.81137312377
-1.28066795692 -3.80293999614
-2.6390449815 -1.53909310452
-0.803895536777 -3.00169143767
-4.08123275279 -1.45788067944
-4.11348869503 -2.57683702278
-3.24176957887 -0.757243241308
-0.0904519270319 -2.61416574266
-2.90895524544 -3.885207391
-4.81178979332 -0.125879163695
-3.020027321 -1.78040344231
-4.33704490485 -4.85764942309
-3.79336865781 -2.23249163997
-4.62626295649 -3.71138943172
-0.896423558726 -3.97372049104
-0.938251700107 -0.416021238643
-2.24961063271 -4.74186253853
-1.58320295752 -0.565485949943
-3.69005467073 -2.40257313314
-2.18031709 -4.10278545718
-0.022519172908 -0.262289898125
-2.32992754292 -2.23356090451
-3.87018236193 -1.36353820693
-0.47625001715 -2.38398233687
-3.40459736268 -0.518406232928
-1.80862762979 -4.82691876902
-3.48476647699 -2.76898759044
-0.920971736066 -4.77220798488
-2.40437156606 -3.74148003393
-3.94190070454 -2.72179159483
-4.13007991928 -0.185193455741
-3.47411997877 -1.63987251562
-2.37419754617 -3.90851543719
-2.74699087948 -4.13989342195
-0.204054316954 -2.86501196
-4.87537205344 -2.6421309775
-1.95808685195 -1.06145913278
-1.2390475745 -0.710363911261
-3.49762363601 -4.49340831762
-1.85663464673 -4.99279834818
-2.71996037525 -1.31372278866
-2.29582260406 -1.74800850804
-0.220033538716 -4.96063430372
-0.404928289315 -0.605717488371
-4.04202129918 -2.84050447352
-2.81051459668 -3.25901505375
-0.204849616656 -0.562311081572
-4.29013284251 -1.76727509457
-4.36044069487 -0.953902611295
-0.764523956725 -3.39269068275
-1.27916781071 -0.944740193587
-4.72676290779 -0.690795144693
