2.356587 2.000000 
2.327297 1.000000 
2.137491 1.000000 
2.242993 1.000000 
2.632023 2.000000 
2.959664 2.000000 
2.250750 1.000000 
2.326071 1.000000 
2.190403 1.000000 
2.275519 1.000000 
2.176112 1.000000 
3.004204 2.000000 
2.198041 1.000000 
2.219395 1.000000 
2.127388 1.000000 
2.216371 1.000000 
2.181784 1.000000 
2.168167 1.000000 
2.761847 2.000000 
2.131812 1.000000 
2.160766 1.000000 
2.263171 1.000000 
2.248325 1.000000 
2.236632 1.000000 
2.354262 2.000000 
2.124349 1.000000 
2.192105 1.000000 
2.197647 1.000000 
2.268625 1.000000 
2.304155 1.000000 
2.184835 1.000000 
2.160598 1.000000 
2.152708 1.000000 
2.796214 2.000000 
2.221441 1.000000 
2.189176 1.000000 
2.140359 1.000000 
2.081853 1.000000 
2.149388 1.000000 
3.187851 2.000000 
2.872170 2.000000 
2.708649 2.000000 
2.779530 2.000000 
2.185985 1.000000 
2.121435 1.000000 
3.440342 2.000000 
2.241615 1.000000 
2.379509 2.000000 
2.381017 1.000000 
2.214095 1.000000 
2.206973 1.000000 
2.231512 1.000000 
2.210525 1.000000 
2.482150 2.000000 
2.223011 1.000000 
2.125586 1.000000 
2.070117 1.000000 
2.155196 1.000000 
2.123645 1.000000 
3.113858 2.000000 
2.463996 2.000000 
2.140018 1.000000 
2.253058 1.000000 
2.209929 1.000000 
2.240238 1.000000 
2.128990 1.000000 
2.246177 1.000000 
2.144329 1.000000 
2.261473 1.000000 
2.232596 1.000000 
2.175367 1.000000 
2.233519 1.000000 
2.267930 1.000000 
2.235235 1.000000 
2.125112 1.000000 
2.414504 2.000000 
2.253893 1.000000 
2.441786 2.000000 
2.291163 1.000000 
2.834144 2.000000 
2.247708 1.000000 
2.204325 1.000000 
2.255452 1.000000 
2.209617 1.000000 
2.222842 1.000000 
2.240812 1.000000 
2.285437 1.000000 
2.242828 1.000000 
2.187508 1.000000 
2.208735 1.000000 
2.270238 1.000000 
2.231138 1.000000 
2.886369 2.000000 
2.152297 1.000000 
2.152240 2.000000 
2.643063 2.000000 
2.218656 1.000000 
2.161727 1.000000 
2.179266 1.000000 
2.954194 2.000000 
2.172910 1.000000 
2.131824 1.000000 
2.153327 1.000000 
2.158775 1.000000 
2.161161 1.000000 
2.194901 1.000000 
2.724850 2.000000 
2.107852 1.000000 
2.245878 1.000000 
2.172155 1.000000 
2.228447 1.000000 
2.126151 1.000000 
2.485011 2.000000 
2.094197 1.000000 
2.289737 1.000000 
2.292075 1.000000 
2.076254 1.000000 
2.254135 1.000000 
2.124655 1.000000 
2.119040 1.000000 
2.100570 1.000000 
2.249607 1.000000 
2.281417 1.000000 
2.409199 2.000000 
2.683790 2.000000 
2.087338 1.000000 
2.332465 1.000000 
2.142463 2.000000 
2.294040 1.000000 
2.229836 1.000000 
2.154231 2.000000 
2.206200 1.000000 
2.178928 1.000000 
2.223730 1.000000 
2.247102 1.000000 
2.981507 2.000000 
2.204887 1.000000 
2.213332 1.000000 
2.260359 1.000000 
2.259124 1.000000 
2.230169 1.000000 
2.105013 1.000000 
2.295760 1.000000 
2.232363 1.000000 
2.009822 1.000000 
2.243944 1.000000 
2.270614 1.000000 
2.503162 2.000000 
2.172305 1.000000 
2.287702 1.000000 
2.170788 1.000000 
2.224030 1.000000 
2.285502 1.000000 
2.217643 1.000000 
2.178639 1.000000 
2.424894 2.000000 
2.236467 1.000000 
2.463896 2.000000 
2.275571 1.000000 
2.151244 1.000000 
2.220494 1.000000 
2.255017 1.000000 
2.193365 1.000000 
2.203411 1.000000 
2.220748 1.000000 
2.238556 1.000000 
2.267672 1.000000 
3.053787 2.000000 
3.115963 2.000000 
2.230746 1.000000 
2.127105 1.000000 
2.188568 1.000000 
2.187505 1.000000 
2.298014 1.000000 
2.181517 1.000000 
2.087377 1.000000 
2.194734 1.000000 
2.183186 1.000000 
2.144834 1.000000 
2.180827 1.000000 
3.186694 2.000000 
2.225173 1.000000 
2.218302 1.000000 
2.851516 2.000000 
2.221928 1.000000 
2.129202 1.000000 
2.251248 1.000000 
2.234702 1.000000 
2.430332 2.000000 
2.162134 1.000000 
2.219303 1.000000 
2.204922 1.000000 
2.244336 1.000000 
2.267619 1.000000 
2.206592 1.000000 
2.615791 2.000000 
2.231311 1.000000 
2.232329 1.000000 
2.238527 1.000000 
2.253383 1.000000 
2.145319 1.000000 
2.181929 1.000000 
2.149755 1.000000 
2.280641 1.000000 
2.144922 1.000000 
2.202260 1.000000 
2.280482 1.000000 
2.143523 1.000000 
2.263822 1.000000 
2.223670 1.000000 
2.353110 1.000000 
2.228193 1.000000 
2.234834 1.000000 
2.664577 2.000000 
2.159852 1.000000 
2.210110 1.000000 
2.266597 1.000000 
2.195561 1.000000 
2.086604 1.000000 
2.143166 1.000000 
2.063313 1.000000 
2.270078 1.000000 
2.192986 1.000000 
2.263271 1.000000 
2.197143 1.000000 
2.133331 1.000000 
2.131589 1.000000 
2.560700 2.000000 
2.216090 1.000000 
2.220655 1.000000 
2.335119 1.000000 
2.302518 1.000000 
2.222040 1.000000 
2.687269 2.000000 
2.897495 2.000000 
2.227443 1.000000 
2.145709 1.000000 
2.215097 1.000000 
2.205079 1.000000 
2.221075 1.000000 
2.227445 1.000000 
2.201099 1.000000 
2.228932 1.000000 
2.218185 1.000000 
2.166957 1.000000 
2.125615 1.000000 
2.219251 1.000000 
2.290968 1.000000 
2.183655 1.000000 
2.238012 1.000000 
2.279450 1.000000 
2.230269 1.000000 
2.167459 1.000000 
2.142269 1.000000 
2.192212 1.000000 
2.237580 1.000000 
3.035248 2.000000 
2.228566 1.000000 
3.133158 2.000000 
2.266184 1.000000 
2.245115 1.000000 
2.221597 1.000000 
2.183322 1.000000 
2.047922 1.000000 
2.213072 1.000000 
2.151184 1.000000 
2.173412 1.000000 
2.343996 1.000000 
2.289280 1.000000 
2.181869 1.000000 
2.131531 1.000000 
2.303349 1.000000 
2.234968 1.000000 
2.164385 1.000000 
2.252602 1.000000 
2.331655 1.000000 
2.242025 1.000000 
2.184391 1.000000 
2.268459 1.000000 
2.118428 1.000000 
2.324188 1.000000 
2.203942 1.000000 
2.181764 1.000000 
2.105394 1.000000 
2.780599 2.000000 
2.135262 1.000000 
3.226429 2.000000 
2.123422 1.000000 
2.310064 1.000000 
2.867788 2.000000 
2.241033 1.000000 
2.224440 1.000000 
2.231477 1.000000 
2.116558 1.000000 
2.189752 1.000000 
2.172064 1.000000 
2.114997 1.000000 
2.224567 1.000000 
2.148458 1.000000 
2.127411 1.000000 
2.129213 1.000000 
2.183852 1.000000 
2.231348 1.000000 
2.239315 1.000000 
2.128302 1.000000 
2.126123 1.000000 
2.187581 1.000000 
2.153194 1.000000 
2.194464 1.000000 
2.171624 1.000000 
2.801588 2.000000 
3.247001 2.000000 
2.272479 1.000000 
2.536187 2.000000 
2.245775 1.000000 
2.671743 2.000000 
2.229620 1.000000 
2.160483 1.000000 
2.298795 1.000000 
2.712083 2.000000 
2.196077 1.000000 
2.191573 1.000000 
3.104568 2.000000 
2.246452 1.000000 
2.272398 1.000000 
2.224096 1.000000 
2.243478 1.000000 
2.082109 1.000000 
2.196429 1.000000 
2.264784 1.000000 
2.211395 1.000000 
2.119525 1.000000 
2.269073 1.000000 
2.267188 1.000000 
2.222545 1.000000 
2.230495 1.000000 
2.184272 1.000000 
3.527195 2.000000 
2.201339 1.000000 
2.265162 1.000000 
2.623111 2.000000 
2.236803 1.000000 
2.236596 1.000000 
2.172379 1.000000 
2.164755 1.000000 
2.223432 1.000000 
2.169632 1.000000 
2.639175 2.000000 
3.603357 2.000000 
2.214659 1.000000 
2.291202 1.000000 
2.133836 1.000000 
2.170737 1.000000 
2.218102 1.000000 
2.204521 1.000000 
2.196889 1.000000 
2.291762 1.000000 
2.178384 1.000000 
2.242337 1.000000 
2.319427 2.000000 
2.174223 1.000000 
2.180428 1.000000 
2.302355 1.000000 
2.150571 1.000000 
2.199556 1.000000 
3.281000 2.000000 
2.186625 1.000000 
2.228560 1.000000 
2.219330 1.000000 
2.211805 1.000000 
2.228944 1.000000 
2.202665 1.000000 
2.150705 1.000000 
2.200752 1.000000 
2.285179 1.000000 
2.218262 1.000000 
2.253222 2.000000 
2.255526 1.000000 
2.567486 2.000000 
2.234895 1.000000 
2.082222 1.000000 
2.285442 1.000000 
2.252932 1.000000 
2.293998 1.000000 
2.820005 2.000000 
2.184895 1.000000 
2.176500 1.000000 
2.232285 1.000000 
2.301342 1.000000 
2.247980 1.000000 
2.141583 1.000000 
2.252764 1.000000 
2.311970 2.000000 
2.201989 1.000000 
2.227173 1.000000 
2.191756 1.000000 
2.315281 1.000000 
2.223921 1.000000 
2.289858 1.000000 
2.165841 1.000000 
2.118306 1.000000 
2.662162 2.000000 
2.162326 1.000000 
2.228348 1.000000 
2.230335 1.000000 
2.140939 1.000000 
2.209245 1.000000 
2.180591 1.000000 
2.107552 1.000000 
2.198519 1.000000 
2.095799 1.000000 
2.221213 1.000000 
2.041197 1.000000 
2.179484 1.000000 
2.240991 1.000000 
2.107915 1.000000 
2.231162 1.000000 
2.174057 1.000000 
2.123303 1.000000 
2.237504 1.000000 
2.142328 1.000000 
2.227215 1.000000 
2.200134 1.000000 
2.094826 1.000000 
2.143942 1.000000 
2.211733 1.000000 
2.257237 1.000000 
2.150481 1.000000 
2.184529 1.000000 
3.462362 2.000000 
2.212945 1.000000 
2.876776 2.000000 
2.209106 1.000000 
2.225551 1.000000 
2.205918 1.000000 
2.186727 1.000000 
2.232032 1.000000 
2.061817 1.000000 
2.278718 1.000000 
3.099062 2.000000 
2.122044 1.000000 
2.233636 1.000000 
2.220441 1.000000 
2.780474 2.000000 
3.019843 2.000000 
2.245488 1.000000 
2.220910 1.000000 
2.096234 1.000000 
2.225707 1.000000 
2.149175 1.000000 
2.179502 1.000000 
3.099351 2.000000 
2.067463 1.000000 
2.228126 1.000000 
2.160694 1.000000 
2.152900 1.000000 
2.171014 1.000000 
2.184602 1.000000 
2.302401 1.000000 
2.497915 2.000000 
2.194693 1.000000 
2.196245 1.000000 
2.075181 1.000000 
2.995399 2.000000 
3.227955 2.000000 
2.246476 1.000000 
2.154290 1.000000 
2.365948 2.000000 
2.291540 1.000000 
2.174195 1.000000 
2.124601 1.000000 
2.593454 2.000000 
2.248671 1.000000 
2.239031 1.000000 
2.215557 1.000000 
2.279007 1.000000 
2.118191 1.000000 
2.198855 1.000000 
2.192619 1.000000 
2.122456 1.000000 
2.132542 1.000000 
2.250582 1.000000 
2.069041 1.000000 
2.266062 1.000000 
2.168716 1.000000 
2.191642 1.000000 
2.058301 1.000000 
2.746737 2.000000 
2.205052 1.000000 
2.231867 1.000000 
2.213013 1.000000 
2.236134 1.000000 
2.235360 1.000000 
2.230925 1.000000 
2.204521 1.000000 
2.205677 1.000000 
2.048877 1.000000 
2.196502 1.000000 
2.152263 1.000000 
2.300115 1.000000 
2.116391 1.000000 
2.208773 1.000000 
2.245300 1.000000 
2.061593 1.000000 
2.261115 1.000000 
2.111723 1.000000 
2.219668 1.000000 
2.166870 1.000000 
2.169294 1.000000 
2.307377 1.000000 
2.227847 1.000000 
2.251831 1.000000 
2.139573 1.000000 
3.195935 2.000000 
2.582746 2.000000 
2.267927 1.000000 
2.320648 1.000000 
2.239171 1.000000 
2.187696 1.000000 
2.119966 1.000000 
2.183473 1.000000 
2.124536 1.000000 
2.130623 1.000000 
2.574999 2.000000 
2.177585 1.000000 
2.266970 1.000000 
2.165944 1.000000 
2.110241 1.000000 
3.303558 2.000000 
2.153790 1.000000 
2.221277 1.000000 
2.296285 1.000000 
2.741084 2.000000 
2.171413 1.000000 
2.236199 1.000000 
2.153800 1.000000 
2.137494 1.000000 
3.188675 2.000000 
2.335706 1.000000 
2.144492 1.000000 
2.136835 1.000000 
2.214179 1.000000 
2.259438 1.000000 
2.194074 1.000000 
2.081817 1.000000 
2.103932 1.000000 
2.277681 1.000000 
2.210379 1.000000 
2.165538 1.000000 
2.228713 1.000000 
2.526051 2.000000 
2.179456 1.000000 
2.225811 1.000000 
2.256009 1.000000 
2.212244 1.000000 
2.270026 1.000000 
2.761466 2.000000 
2.220134 1.000000 
2.220095 1.000000 
2.789469 2.000000 
2.198491 1.000000 
2.494823 2.000000 
2.249721 1.000000 
2.182526 1.000000 
2.183164 1.000000 
2.214191 1.000000 
2.183276 1.000000 
2.256370 1.000000 
2.126507 1.000000 
2.194134 1.000000 
2.097777 1.000000 
2.203545 1.000000 
2.200342 1.000000 
2.191598 1.000000 
2.365167 1.000000 
2.307549 1.000000 
2.276442 1.000000 
2.196862 1.000000 
2.165519 1.000000 
2.344286 1.000000 
2.238011 1.000000 
2.302278 2.000000 
2.181974 2.000000 
2.922146 2.000000 
2.158620 1.000000 
2.200648 1.000000 
2.206467 1.000000 
2.133892 1.000000 
2.242646 1.000000 
2.156165 1.000000 
2.173494 1.000000 
2.263372 1.000000 
2.221388 2.000000 
2.183764 1.000000 
2.215534 1.000000 
2.167217 1.000000 
2.233641 1.000000 
2.302402 1.000000 
2.125439 1.000000 
2.273806 1.000000 
2.247855 1.000000 
2.186678 1.000000 
2.152806 1.000000 
2.685873 2.000000 
2.219897 1.000000 
2.241970 1.000000 
2.118113 1.000000 
2.198951 1.000000 
2.172693 1.000000 
2.138237 1.000000 
2.101113 1.000000 
2.880621 2.000000 
2.117576 1.000000 
2.620687 2.000000 
2.224554 1.000000 
2.276801 1.000000 
2.120575 1.000000 
2.793626 2.000000 
2.115902 1.000000 
2.195999 1.000000 
2.233606 1.000000 
2.194553 1.000000 
2.165280 1.000000 
2.166663 1.000000 
3.127595 2.000000 
2.160370 1.000000 
2.266695 1.000000 
2.264859 2.000000 
2.267713 1.000000 
2.182536 1.000000 
2.212522 1.000000 
2.873690 2.000000 
2.177317 1.000000 
2.238865 1.000000 
2.224726 1.000000 
2.187595 1.000000 
2.228794 1.000000 
2.330323 1.000000 
2.307805 1.000000 
2.315184 1.000000 
2.662244 2.000000 
2.313922 1.000000 
2.259689 1.000000 
2.207924 1.000000 
2.491450 2.000000 
3.102782 2.000000 
2.155550 1.000000 
2.430038 1.000000 
2.278679 1.000000 
2.169620 1.000000 
2.263352 2.000000 
2.161957 1.000000 
2.165459 1.000000 
2.184231 1.000000 
2.208011 1.000000 
2.172714 1.000000 
2.719351 2.000000 
2.226709 1.000000 
2.142114 1.000000 
2.258251 1.000000 
2.226080 1.000000 
2.299220 1.000000 
2.284748 1.000000 
2.264355 1.000000 
2.239100 1.000000 
2.195857 1.000000 
2.227987 1.000000 
2.098142 1.000000 
2.136021 1.000000 
2.741129 2.000000 
2.291366 1.000000 
2.133262 1.000000 
2.208297 1.000000 
2.192358 1.000000 
2.238050 1.000000 
2.871721 2.000000 
2.228904 1.000000 
2.222700 1.000000 
2.515497 2.000000 
2.263146 1.000000 
2.223589 1.000000 
2.185209 1.000000 
2.764172 2.000000 
2.208505 1.000000 
2.149713 1.000000 
2.234544 1.000000 
2.189715 1.000000 
2.208236 1.000000 
2.146890 1.000000 
2.199206 1.000000 
2.193541 1.000000 
2.298809 1.000000 
2.106472 1.000000 
2.249966 1.000000 
2.234472 1.000000 
2.241881 1.000000 
2.109596 1.000000 
2.275706 1.000000 
2.236914 1.000000 
2.177898 1.000000 
2.290004 1.000000 
2.156692 1.000000 
2.275018 1.000000 
3.357591 2.000000 
2.254457 1.000000 
2.178150 1.000000 
2.276602 1.000000 
2.190758 1.000000 
2.045570 1.000000 
2.088970 1.000000 
2.204638 1.000000 
2.127432 1.000000 
3.041749 2.000000 
2.311521 1.000000 
2.811557 2.000000 
2.243534 1.000000 
2.244011 1.000000 
2.238962 1.000000 
2.175270 1.000000 
2.225651 1.000000 
2.262725 1.000000 
2.173240 1.000000 
2.242691 1.000000 
2.160200 1.000000 
2.236188 1.000000 
2.273859 1.000000 
2.348757 1.000000 
2.210077 1.000000 
2.164070 1.000000 
2.328128 1.000000 
2.404146 2.000000 
2.192943 1.000000 
2.173452 1.000000 
2.257652 1.000000 
2.154487 1.000000 
2.139560 1.000000 
2.870967 2.000000 
2.212007 1.000000 
3.141865 2.000000 
2.214900 1.000000 
2.138877 1.000000 
2.369531 2.000000 
2.285381 1.000000 
2.282264 1.000000 
2.163075 1.000000 
2.186778 1.000000 
2.136205 1.000000 
2.264477 1.000000 
2.205861 1.000000 
2.788631 2.000000 
2.224887 1.000000 
2.138407 1.000000 
2.215072 1.000000 
3.460614 2.000000 
2.744575 2.000000 
2.244088 1.000000 
2.114630 1.000000 
2.228878 1.000000 
2.191691 1.000000 
2.835125 2.000000 
2.208151 1.000000 
2.246555 1.000000 
2.171294 1.000000 
2.569024 2.000000 
3.086409 2.000000 
2.218454 1.000000 
2.990714 2.000000 
2.171280 1.000000 
2.238743 1.000000 
2.209339 1.000000 
2.692507 2.000000 
2.283575 1.000000 
2.995006 2.000000 
2.650272 2.000000 
2.157375 1.000000 
2.101490 1.000000 
2.163220 1.000000 
2.281125 1.000000 
2.263185 1.000000 
2.994757 2.000000 
2.141990 1.000000 
2.646029 2.000000 
2.119445 1.000000 
2.191926 1.000000 
2.343278 2.000000 
2.038077 1.000000 
2.250496 1.000000 
2.153928 1.000000 
2.191850 1.000000 
2.223305 1.000000 
2.164331 1.000000 
2.150630 1.000000 
2.142766 1.000000 
2.131054 1.000000 
2.143476 1.000000 
2.127163 1.000000 
2.224291 1.000000 
2.868769 2.000000 
2.094376 1.000000 
2.148722 1.000000 
3.372295 2.000000 
2.265897 1.000000 
2.009725 2.000000 
2.183742 1.000000 
2.236504 1.000000 
2.135501 1.000000 
2.229437 1.000000 
2.189568 1.000000 
2.209470 1.000000 
2.161121 1.000000 
2.127220 1.000000 
2.198465 1.000000 
2.200138 1.000000 
2.227453 1.000000 
3.326835 2.000000 
2.766331 2.000000 
2.197811 1.000000 
2.190210 1.000000 
2.970804 2.000000 
2.119578 1.000000 
2.103192 1.000000 
2.894225 2.000000 
2.235366 1.000000 
2.179207 1.000000 
3.159706 2.000000 
2.243181 1.000000 
2.240496 1.000000 
2.179736 1.000000 
2.197239 1.000000 
2.215504 1.000000 
3.135177 2.000000 
2.317501 1.000000 
2.185278 1.000000 
2.227286 1.000000 
2.195691 1.000000 
2.162596 1.000000 
2.267548 1.000000 
2.231696 1.000000 
2.257907 1.000000 
3.058749 2.000000 
2.119713 1.000000 
2.191222 1.000000 
2.323104 1.000000 
2.168455 1.000000 
2.213504 1.000000 
2.758513 2.000000 
2.715546 2.000000 
2.174463 1.000000 
2.188227 1.000000 
2.149008 1.000000 
2.236563 1.000000 
2.107136 1.000000 
2.230874 1.000000 
2.294210 1.000000 
2.581439 2.000000 
2.379039 2.000000 
2.247889 1.000000 
2.171318 1.000000 
2.264731 1.000000 
2.159362 1.000000 
2.066667 1.000000 
2.193549 1.000000 
2.185992 1.000000 
2.308526 1.000000 
2.225724 1.000000 
3.162812 2.000000 
2.092440 1.000000 
2.119745 1.000000 
2.258122 1.000000 
2.151885 1.000000 
2.117836 1.000000 
2.219937 1.000000 
2.198047 1.000000 
2.138874 1.000000 
2.141261 1.000000 
2.081238 1.000000 
2.251710 1.000000 
3.234006 2.000000 
2.327492 1.000000 
2.164924 1.000000 
2.916663 2.000000 
2.269182 2.000000 
2.156507 1.000000 
2.806017 2.000000 
2.300954 1.000000 
2.123416 1.000000 
2.124952 1.000000 
2.211122 1.000000 
2.172134 1.000000 
2.195004 1.000000 
2.570102 2.000000 
2.778676 2.000000 
2.166818 1.000000 
2.192396 1.000000 
2.249924 1.000000 
2.230073 1.000000 
2.695174 2.000000 
2.873196 2.000000 
2.269417 1.000000 
2.186968 1.000000 
2.137963 1.000000 
2.312168 1.000000 
2.249630 1.000000 
2.213658 1.000000 
2.269475 1.000000 
2.135485 1.000000 
3.084611 2.000000 
2.224742 1.000000 
2.213731 1.000000 
2.198659 1.000000 
2.288583 1.000000 
2.238609 1.000000 
2.587795 2.000000 
2.173643 1.000000 
3.180463 2.000000 
2.186927 1.000000 
2.055703 1.000000 
2.236391 1.000000 
2.420878 2.000000 
2.182399 1.000000 
2.106334 1.000000 
3.180089 2.000000 
2.160249 1.000000 
2.214003 1.000000 
2.257591 1.000000 
2.258741 1.000000 
2.172956 1.000000 
2.227405 1.000000 
2.158737 1.000000 
2.823251 2.000000 
2.178564 1.000000 
2.133085 1.000000 
2.168866 1.000000 
2.262660 1.000000 
2.124660 1.000000 
2.141678 1.000000 
2.251563 1.000000 
2.228451 2.000000 
2.217457 1.000000 
2.173964 1.000000 
3.040236 2.000000 
2.137152 1.000000 
2.267674 1.000000 
2.197003 1.000000 
2.093001 1.000000 
2.261381 1.000000 
2.233784 1.000000 
2.140964 1.000000 
2.227544 1.000000 
2.231959 1.000000 
2.168512 1.000000 
3.071542 2.000000 
2.167147 1.000000 
2.193361 1.000000 
2.148290 1.000000 
2.255055 1.000000 
2.564752 2.000000 
2.459028 2.000000 
2.223669 1.000000 
2.282323 1.000000 
2.198337 1.000000 
2.257649 1.000000 
2.228017 1.000000 
2.317955 1.000000 
2.852501 2.000000 
2.194246 1.000000 
2.661892 2.000000 
2.103474 1.000000 
2.186427 1.000000 
2.197128 1.000000 
2.129310 1.000000 
3.009046 2.000000 
2.153401 1.000000 
2.264893 2.000000 
2.244288 1.000000 
2.233794 1.000000 
2.247466 1.000000 
2.851489 2.000000 
2.222558 1.000000 
2.260923 1.000000 
2.187207 1.000000 
2.186937 1.000000 
2.279237 1.000000 
2.260853 1.000000 
2.235929 1.000000 
2.240229 1.000000 
2.126327 1.000000 
2.290359 1.000000 
2.221138 1.000000 
2.232127 1.000000 
2.154593 1.000000 
2.187494 1.000000 
2.167268 1.000000 
2.250318 1.000000 
2.229961 1.000000 
2.183911 1.000000 
2.250938 1.000000 
