-4.05373391869 -3.06799730697
-0.085256006955 -1.62435757441
-3.29001727519 -1.64743561587
-3.22931845461 -0.123206750796
-3.20474329687 -2.77039084688
-2.41731174633 -1.76872645106
-4.97818945714 -2.88207471997
-3.68784370176 -4.5371665045
-4.78580991081 -2.62751807157
-3.87324198128 -0.202551418116
-2.63472480968 -3.7500827653
-2.20315707171 -3.63537138565
-0.687967440101 -4.06230183814
-3.79837334186 -2.35200812832
-3.47454796747 -3.47552152827
-4.63602224746 -2.38555690557
-2.04620701631 -0.728496204958
-0.542959288442 -0.841276757889
-1.19292267978 -0.193424940564
-3.0068395964 -2.014811577
-3.66961963975 -3.70198907303
-1.96443024163 -0.107166303871
-0.729540507661 -0.914311307168
-1.37568644122 -2.21849438914
-0.966193284622 -2.23897625085
-1.08121293621 -0.727847169268
-4.1158429449 -1.85817168883
-0.032949830345 -1.46445364084
-4.90395914054 -2.28688006107
-3.15578392626 -1.64491704037
-4.2982552991 -4.95854679767
-1.4277057189 -2.31484220747
-4.09667338878 -4.3490056622
-0.563288167761 -1.27965138753
-3.67180782249 -2.11584915356
-1.02243279757 -1.91685397965
-4.31940263938 -2.94771215296
-3.29955564607 -2.06981639871
-1.2546780152 -3.55611073501
-2.03208895384 -3.45903773629
-0.319490049862 -2.28692048219
-2.9317818964 -0.494867862894
-4.08785252241 -0.648004833657
-4.94653424364 -3.86898610755
-4.46848781985 -0.353821230201
-4.02021396592 -3.64634361695
-4.08783451669 -1.99266683219
-2.71971061711 -2.60128092552
-1.46425464967 -1.63883908824
-4.07545358796 -2.10632191016
-3.92954022221 -0.625674624124
-0.599836486295 -0.842373173929
-2.55043803703 -1.99188436133
-4.2701753805 -0.234381025502
-4.23236559289 -4.34119872471
-3.4712875582 -2.54944164546
-0.467178282635 -3.84376076782
-2.21150645535 -4.69811589194
-4.09717658982 -3.1484415565
-2.17803204928 -0.702643830726
-3.38171336499 -2.00771590258
-1.74582473027 -3.752532037
-3.61772580924 -3.08071588999
-4.83619740787 -3.25322040125
-1.21705406586 -0.547763254772
-0.945579934876 -2.70560390212
-2.66148426977 -3.01125312727
-3.32381672871 -4.34520992008
-1.68906725206 -4.50023141615
-0.528325160846 -2.92606863382
-0.958177716595 -4.48137446941
-0.726634883483 -2.81136344974
-4.11675339065 -0.872943953206
-1.50422865986 -3.99114530605
-2.43056088003 -3.8578138711
-0.266152084382 -4.89228017217
-4.36538415413 -0.853157122549
-4.25917702166 -0.894254036348
-2.67761588932 -2.73234511902
-1.26041303855 -0.101108264499
-0.584983173245 -4.75879386679
-3.67898514225 -4.38516242262
-4.60147653345 -3.03062973996
-0.0238734464833 -1.09831002208
-1.85973307928 -4.56515071885
-3.94324244009 -1.28319543576
-1.6329745392 -0.360322618054
-2.70312920777 -3.56505476307
-0.765530321318 -2.80574209614
-3.38394146165 -4.40929328577
-1.95568586188 -4.27937341703
-4.56325866232 -0.609340413748
-2.18863728076 -3.04436974143
-0.0982019303108 -0.981666493621
-3.32077686804 -1.17411978914
-3.65868696707 -0.603902372892
-4.07993062401 -1.40681620953
-3.92505547699 -2.83686428472
-3.90417193299 -2.67362867448
-4.43246134619 -1.69988979805
-2.60176788821 -4.42351711379
-0.350760020573 -3.38524804375
-4.97560823518 -3.80201080249
-2.22068358771 -3.63982032144
-0.0475295565782 -1.00237037442
-4.53691483216 -0.811218899265
-2.49975010782 -4.24401471079
-3.06132588918 -4.09489368373
-4.06060210081 -3.10397465255
-2.48856882121 -4.91735721301
-3.51032522227 -1.92675220085
-0.468326681099 -0.0834707524119
-2.11471492767 -4.26756239031
-0.359035302632 -2.21444364094
-2.49226443713 -3.41100608106
-0.37440281596 -4.73666823518
-2.39700045067 -2.51211118832
-2.80280512227 -1.08117867564
-0.455438886131 -2.82985692135
-2.7756940799 -2.2861504128
-3.40322982889 -3.89242824708
-1.76743626128 -1.7385210435
-4.49096574416 -2.34805949477
-2.944590742 -4.87691320345
-3.58144998442 -1.27527061487
-0.493809002373 -2.3559744648
-4.86436409566 -4.65160301325
-4.30409999838 -0.969527205551
-2.18759448536 -3.66569268436
-4.78213440497 -0.873049014202
-0.510083585017 -4.14276160956
-2.78010518713 -2.71705603548
-0.127118830508 -1.09309609431
-3.34416229212 -0.431826491082
-0.541620194492 -3.50646766965
-1.50248001355 -0.304772326865
-4.86884720909 -0.589664595099
-3.64456352218 -1.63140732789
-1.22166127932 -4.17172505632
-0.708862173509 -1.89748408805
-0.566995504183 -4.30485418113
-0.779569620974 -0.622346646132
-4.59518899791 -0.461672876697
-2.2683236256 -1.56766643606
-0.663296880413 -4.11595598074
-3.19551618175 -4.76566811744
-1.74388711394 -4.08950189508
-0.18955744702 -0.141652278162
-1.96476035731 -4.23901279431
-0.568443841212 -1.69861018676
-1.50322617209 -1.90239866134
-4.39410550958 -4.88890987644
-2.7970942755 -3.19884512601
-2.21431316129 -0.6730291233
-0.948902223009 -1.20235365704
-3.7157203915 -4.96061546931
-3.54493791199 -1.60447965768
-3.62589761393 -2.18665132248
-2.58741064806 -4.39084806095
-1.16221237583 -0.240890207089
-3.65669291139 -1.15330572414
-3.15105115751 -1.25086815966
-3.52269199049 -4.12568017706
-2.44047859676 -0.903797352054
-4.4255917422 -0.840750486407
-0.955801149827 -2.42995790516
-4.92441470345 -4.07652726042
-1.78628989967 -0.334080774548
-2.38151290509 -3.59013656089
-0.837135074635 -4.03445127732
-2.93263039421 -4.07709478429
-0.20718886686 -0.101985796684
-1.18934958553 -0.599691902027
-2.62812084814 -1.33634586549
-4.74076286183 -4.40359003609
-4.15067808168 -1.2667354391
-1.46212203482 -4.46360235221
-0.552834663921 -0.99189942859
-4.06015609779 -1.45822324933
-4.39041026039 -2.59847740694
-4.99373386934 -4.91446321271
-0.751290203194 -1.44033304397
-1.58546905065 -2.47044329574
-2.75494400285 -1.09240022687
-4.70162114668 -3.23332346247
-2.44386324351 -4.96524808814
-1.35592314133 -2.43983034355
-1.27393321753 -0.763888372037
-0.384826637338 -2.8864471464
-3.64846803785 -1.45525926295
-0.988556567089 -3.89129546945
-3.39342807371 -0.909402075412
-4.8362986066 -3.16471365676
-1.41878535118 -1.53085828496
-2.17093343085 -4.81472246144
-2.5998921521 -2.6595645431
-3.08403005094 -2.53726813113
-3.90307391126 -1.57981288006
-2.53601489824 -0.236437535361
-3.1313403261 -3.0157551374
-0.602913672448 -3.00033450254
-1.74653743778 -4.91351626083
-3.33654729033 -1.96947370023
-1.90490891313 -1.39296692472
-4.28408891173 -3.66538331116
-0.0387610603991 -0.538747597969
-3.50134672039 -1.12833503933
-0.137073442983 -3.93923262119
-4.03832446493 -1.52179452091
-0.482735169112 -3.11934441266
-0.490901425316 -0.19340641773
-4.83916610604 -2.20082436636
-0.302104692893 -2.52834454116
-0.985499696418 -3.67267135791
-3.38436220999 -3.52742397085
-2.94765059417 -2.69236975244
-2.80167533231 -0.791375593113
-0.870719585693 -2.75506123891
-3.6912693192 -1.58363206434
-1.48684954091 -1.8245005718
-1.1416959485 -1.60077614887
-3.89089841061 -3.66893469447
-1.80070288657 -3.79431320015
-2.0033069965 -1.36631111266
-2.57005324805 -1.95855053654
-2.74495129191 -4.11358920289
-2.406677313 -1.0233333856
-1.54316031406 -3.63246499838
-2.86197687141 -2.785337799
-2.85662410299 -3.97075971587
-1.09085297684 -2.89369538871
-1.32981142716 -0.432964115342
-3.68635617106 -3.75389871315
-2.10159106478 -4.16439904282
-0.20707387272 -3.21016412315
-1.74746924869 -2.53515322567
-3.75090923648 -3.33736959474
-2.52223965321 -4.98420225385
-3.55609309186 -0.513339377273
-3.27185220401 -0.938087624562
-3.00880189647 -4.1628381828
-1.89379206314 -0.249710924168
-1.85467424331 -4.23143731518
-2.49801539442 -0.159129212162
-2.4609637801 -1.12439635281
-1.98587829123 -1.4276789106
-4.9020934006 -3.00848743478
-3.86727454605 -1.00147033323
-2.05875997908 -1.92577235549
-4.58399287799 -3.70970080673
-2.15199824028 -0.556647496992
-2.86767169001 -0.638577946294
-1.59444803195 -0.644853764093
-4.21772459413 -0.053354519178
-2.92840728431 -2.54156011168
-2.48109047249 -2.44267461169
-4.94677040923 -3.54074195117
-0.203740091794 -4.67440712336
-4.92581789936 -3.5480601269
-3.82929549314 -1.17295312959
-4.78737429206 -2.63479157823
-4.56717482428 -4.69518471261
-2.72856051633 -4.81716650302
-4.78562317965 -0.497860398193
-3.09737963089 -1.39627611237
-4.79341502268 -1.45605555929
-4.56911156441 -0.0512910608112
-3.84492493846 -2.19890602246
-3.42834645472 -3.63367218312
-4.56390742492 -4.19436692075
-3.71038010308 -3.70284196934
-2.42598383944 -3.24118243516
-1.98115074104 -0.317678313065
-4.45869396967 -2.72982094058
-3.23196677139 -2.47534798484
-3.42831718804 -2.58876155078
-3.05221948994 -3.42428012301
-1.61533653074 -0.166208685325
-1.24549455658 -4.83515770331
-1.84627348843 -1.125816574
-1.82984677002 -1.44742811239
-2.12472402008 -4.26475294244
-1.27703039718 -2.29334785573
-0.302114174388 -1.36493144017
-2.58107214756 -4.21188506224
-1.57041260992 -1.42980279743
-1.16815404458 -3.6860866988
-4.57189031003 -3.46347877814
-1.74059201851 -1.64729330035
-1.55830882156 -1.19504142571
-2.30713603527 -1.71019126656
-1.23377402557 -0.872130369674
-0.454798055216 -3.83334651612
-1.66077363324 -4.62429885566
-1.0602152738 -1.66093729481
-1.22937629312 -1.21521458662
-2.78336424078 -2.71763238849
-1.39935085911 -4.25492078511
-2.44121257554 -2.34571534931
-2.03934183705 -2.67209107216
-3.41165389318 -3.86109079398
-2.03041751769 -0.78666810158
-2.50090213398 -2.95147479826
-4.15691818958 -4.64305509134
-3.43872368512 -1.50077049236
-1.44250431397 -2.25696441722
-4.76751801575 -0.560798699012
-1.40412298562 -0.927709573744
-4.57816816999 -3.78666887406
-2.72355539128 -4.32097391736
-1.61916916214 -2.31604997318
-3.45438648139 -2.67560798877
-4.03371657251 -1.69924262377
-2.51728768533 -0.621339032728
-2.19184331084 -1.63012335568
-1.95518764451 -1.79140565542
-0.861644223399 -1.97606338911
-0.157993348429 -0.466630305878
-2.55170026322 -2.21866425049
-3.36103956256 -1.53796364278
-2.98476095868 -0.697175468089
-2.22611972608 -2.52950041684
-4.15088204838 -0.795056947459
-0.745231250452 -4.00248086342
-4.92558457597 -4.16190088709
-0.903192024452 -0.107855506397
-2.33812991045 -3.37252669691
-0.128216125965 -4.71364710682
-0.552681812924 -4.72053082781
-2.25386538527 -0.881286175111
-2.57411838885 -4.58047731365
-0.308457239508 -0.989278380085
-4.89584803801 -4.85658041081
-1.80309973804 -0.630497109044
-0.93542648835 -4.79342595708
-0.693549022677 -3.79500619276
-1.95392370189 -0.22262199048
-2.35945904209 -1.63392295633
-2.02338509235 -1.41752349643
-3.69083244522 -0.543452079806
-3.12852438602 -2.45645071663
-2.0581402332 -0.739594223351
-0.672343128512 -4.41893934975
-1.0692304916 -4.49259776262
-1.55801690638 -0.979552932847
-4.57119309137 -2.62273387443
-4.8759333817 -0.487965120247
-4.74587060941 -4.32484950111
-0.135120758259 -1.09198955534
-0.0254678877549 -4.16903342833
-3.74891587062 -2.19034382907
-0.817349514756 -2.72889193802
-4.24840287943 -3.95081591813
-0.554532833118 -1.99063645443
-2.88880920321 -4.45772430405
-2.684663632 -4.60611600177
-1.74460907048 -0.611643212157
-3.10130925295 -4.91669463785
-4.00819073846 -0.990972399032
-1.31021984608 -3.76903844166
-0.20988182933 -4.12043940317
-3.79019409972 -2.97334806956
-2.33316224577 -1.80525423061
-1.86853755156 -1.20254528551
-0.803976662622 -0.536226425414
-0.770022802252 -4.8983861462
-3.78319206688 -0.458182330745
-2.54394937869 -3.75194757045
-1.61052995669 -1.23128780812
-2.21726933441 -1.95325544002
-1.10818257491 -3.33583963831
-1.23490322864 -0.251147661929
-3.78194411248 -3.8075132079
-1.3951570486 -3.6941648568
-3.93646065198 -2.23931245483
-2.94936385475 -4.36951812112
-3.82937342378 -3.2948763774
-2.36595883589 -3.7858319289
-2.82833525124 -0.442132614222
-3.08803497365 -4.48436910486
-3.39582732556 -4.3877728708
-0.905309690266 -1.99205951753
-0.146201391281 -0.476609488615
-2.34627945271 -3.37763303715
-1.71394604482 -2.05930305521
-0.483068340055 -4.13882700238
-0.613128676617 -1.94309865753
-3.90296208739 -1.62685069232
-4.20507794734 -2.46574992833
-4.97738490784 -1.70204429604
-1.33750792817 -2.97046841995
-2.02426575694 -0.0277801589018
-2.10609415153 -0.045318780743
-4.10065638485 -1.31879869618
-1.60879835005 -2.8568461504
-2.39704636531 -2.47878033804
-4.07278227563 -1.23865823708
-1.8265768727 -1.34966839503
-0.296488391431 -2.29675955356
-4.46335724712 -3.95561406707
-3.81553461872 -4.75194083562
-3.32374114166 -1.20549055068
-2.05035507068 -2.8284751962
-4.15089459897 -3.40463343483
-4.08116096989 -2.14549615175
-1.87362130628 -3.72543122793
-2.76779705144 -2.120910767
-0.0153747950926 -1.24130919685
-3.34550322396 -1.02468514803
-3.10158697138 -2.15484170611
-3.71502106439 -3.06601064695
-3.30382181497 -4.76755886532
-3.00774893225 -2.33956564423
-0.39508697096 -0.181075529892
-0.759711984122 -3.40619915584
-3.01333729368 -0.25438276297
-3.11847584549 -2.94862096981
-0.715926980091 -0.392313999312
-2.43685267084 -1.07883481458
-2.65356928967 -3.41508015637
-0.761083895099 -4.73257066074
-4.00333446633 -1.65930599369
-1.6927680739 -1.25711031088
-4.39343690368 -0.99423264532
-4.64260402977 -3.27411940838
-2.91609612683 -1.11633339394
-1.89943848274 -4.54104923929
-3.20319002752 -0.773162469614
-3.21143413672 -3.21311659576
-1.70280377533 -4.68300011863
-0.0627707460504 -4.20840385045
-4.5385671579 -0.238324618577
-3.30740210434 -2.73026746656
-3.23472105285 -4.63279899458
-1.64530924367 -3.48691704917
-4.87222550792 -0.192059075512
-1.23861631313 -0.551995606375
-0.862951197712 -4.45092758553
-1.84679256764 -1.51718562896
-3.28812502863 -0.323980814193
-2.37669186944 -1.34013952969
-2.32328324441 -4.60095811917
-4.7588389141 -2.62673209643
-2.81632234912 -0.0122028120213
-3.31138660399 -1.1967293906
-0.871839515228 -3.54800822993
-2.62870044004 -1.41953492933
-4.84275198064 -1.81963396956
-2.88327669142 -1.98259392253
-4.61747085808 -0.248673177696
-3.78940688182 -0.92094489121
-3.35880330029 -1.9683969521
-0.00658911783418 -4.1291028446
-1.40096974942 -4.73164384977
-1.05341109342 -0.1119491133
-2.61573089858 -0.735406544012
-0.612494933035 -1.24109110678
-3.6788087698 -0.112313705181
-3.63556527462 -4.6724342322
-0.24034722104 -2.5164826579
-2.43513720576 -4.55248073465
-0.628297033632 -0.417417869275
-0.735919311241 -1.1033409877
-0.61360809902 -4.45762106978
-3.71060788848 -0.949960166404
-2.31499470792 -2.89198748399
-2.57992635391 -3.21414217712
-3.24009557787 -3.92791979478
-0.187573760481 -3.98888511533
-4.53856046034 -2.94840463367
-0.936293730165 -4.98392695881
-4.4421720238 -0.245474332328
-3.38710480681 -4.96107493563
-0.224037371978 -0.972206653006
-1.05571516808 -3.86988133079
-4.89205574809 -2.9811391696
-2.96021876064 -2.69857104822
-3.19835323335 -3.43572374308
-4.34420447175 -3.69661391559
-3.48963839311 -1.63787669118
-0.99063173553 -2.51960409182
-3.37623329404 -0.0693140366512
-4.14586592113 -3.50001021011
-4.59810828486 -4.32586075108
-2.13096651772 -4.45298063823
-0.465985055912 -3.03833518347
-0.921299601278 -3.65968272193
-1.5616191376 -1.63146336192
-1.16676285766 -4.00505297584
-2.7679507969 -3.50909924206
-2.64138800764 -3.60841298645
-1.13407375074 -3.59577195941
-3.48705201191 -1.00141306164
-4.25469029069 -1.82963183874
-3.49702621303 -0.143475661499
-0.21079245286 -0.343794393214
-3.7718696992 -0.564959379799
-2.48543428772 -2.51199981162
-2.80326189047 -4.52297512026
-4.02513997606 -3.62937990418
-2.7626297717 -3.87132817504
-2.9260936179 -3.20645771803
-0.477125975298 -0.861397501045
-3.72233481114 -2.14148195809
-4.06204441215 -1.42334753244
-4.55412542227 -4.07532051057
-0.351492303198 -3.94416065818
-4.61691523136 -4.35752765846
-4.03350447083 -4.70831012341
-0.883410550682 -1.7315156431
-2.95721487767 -2.4463432541
-1.19138119888 -1.21091166549
-3.00964328926 -3.71173161025
-3.92875206275 -0.172085714627
-2.5299462457 -4.08365892735
-3.52008668221 -2.63555350389
-2.52637478702 -2.86037312026
-3.42818049982 -2.62099046896
-0.974563468057 -2.54721450353
-3.04490088601 -1.54787679658
-1.48761957202 -3.72677788373
-3.11179406926 -4.26918850045
-4.34294255638 -4.19117255073
-1.52274483546 -1.84373642487
-0.794575844889 -1.0082453433
-1.98958064888 -0.0349246821111
-1.57086591291 -4.99177562964
-4.87923643855 -1.18752472466
-2.94083748023 -1.4219154474
-3.04169994827 -4.87163767441
-4.15849079084 -0.768411291411
-0.275215788555 -1.19456576193
-2.85442246396 -2.48221453579
-3.65705546133 -4.10701219023
-1.99893461311 -2.24193306508
-3.11223965444 -1.15814686027
-4.36612467709 -4.52481921321
-2.08540649297 -2.31768776179
-0.996712917618 -0.453829205233
-1.27668250584 -4.07132285703
-4.63586245874 -3.29656094883
-0.670160360175 -2.7897506354
-2.04696035984 -3.58063783493
-0.99141287068 -4.44332808843
-4.81467119812 -1.73504539322
-2.22401086195 -0.241705234188
-0.143085906474 -2.79045416195
-1.80993819486 -3.55993656302
-3.96724500023 -0.283902987036
-3.41218746708 -3.18981930787
-0.657017833264 -2.69382328835
-4.18031508614 -3.57537895656
-1.69211949757 -3.26257582574
-2.63248150009 -2.04815403722
-1.64416282104 -1.96528930587
-4.88097553402 -4.2645029622
-3.6598239929 -3.14443132078
-0.543420568919 -1.10917793345
-2.59635212562 -2.18869371453
-3.09471330107 -4.17464990873
-1.94247068125 -4.34872322464
-3.04296211967 -3.50236368527
-1.37414165751 -3.0389552125
-2.66083359677 -4.41059288793
-4.12278032762 -2.88550274264
-4.08589628996 -1.30229440349
-4.55878907175 -1.4489346323
-4.94619586049 -2.2389971646
-4.84116077736 -0.806570279597
-4.9848828347 -3.36082221831
-2.43670202746 -0.202765655164
-3.48739953118 -4.56110959832
-3.83297615397 -2.20444292415
-1.49455608344 -4.92667338447
-4.69831509443 -0.295167999255
-3.6073746483 -0.155795854042
-0.0218042851906 -2.11964037378
-0.361809253204 -2.1140425105
-1.94236130083 -3.99435983996
-3.64290387975 -2.91179063153
-4.47241166374 -2.47461528114
-3.55195184377 -4.15343847524
-2.36272432819 -4.56280313476
-0.98757941577 -4.2172564812
-2.73188227234 -3.1682123694
-1.84170004856 -4.50641770917
-2.06889631472 -0.302374341077
-4.47231193924 -1.43820011497
-4.65702547138 -0.862276534136
-3.47699261615 -1.31731843005
-1.89185288307 -0.338283396235
-1.29869222941 -1.44171192043
-2.32204427951 -1.31213600974
-4.93046729618 -2.06282270396
-1.64158906885 -1.53878113671
-2.87296819951 -2.76448617855
-2.09451870216 -2.30584561283
-1.62572919616 -2.70443799022
-4.00443792028 -2.56972799437
-1.7323406385 -4.7371461362
-0.942973159141 -1.27626601905
-3.46012370749 -0.36007093976
-4.73413666824 -4.41674532827
-0.221475859774 -0.457532296703
-1.49129523206 -0.457947613633
-1.5633153299 -1.89237188083
-1.5269561775 -0.342569378432
-1.96039115079 -4.37900785276
-2.44333712322 -4.82765513176
-4.22059268042 -2.40546918812
-4.20846505875 -0.598653841659
-1.30677580804 -0.293422568365
-1.5053443001 -1.00412679793
-1.0353747162 -3.81077013052
-2.43047437841 -0.553863040966
-4.71527902473 -2.63065965002
-2.22629653843 -1.42921045042
-0.00954822087524 -2.6489677148
-1.63173687853 -0.625519564527
-1.76175247291 -3.01313071248
-0.0823479143029 -0.878738544725
-4.00984973365 -0.952398676724
-0.559538069042 -2.14759594335
-1.51275671769 -3.09368394989
-4.4072302027 -2.02819242291
-1.02430370364 -4.52491530297
-3.19206296613 -2.57732844302
-1.60191786806 -2.62966656873
-1.39298468472 -0.807216890189
-1.30883841103 -0.861630717326
-4.59592826009 -3.0717728533
-4.744468022 -0.232754701859
-1.60738254258 -0.372319273113
-2.88426968546 -2.47064539535
-3.25413225883 -4.34487860928
-1.84616307959 -3.00451712782
-4.17496494097 -4.66689699489
-0.285315133645 -0.948868770822
-3.42335160375 -3.90856808127
-1.81330053736 -3.71442405716
-3.77766748197 -2.19286072296
-4.74514234426 -4.55004278378
-0.853213136303 -1.24114229183
-3.0550596564 -4.81009742986
-3.64767020409 -4.57805614974
-4.42841610421 -1.18324559559
-2.44371760038 -0.648042519061
-2.48375696822 -0.678562187053
-0.659157725798 -1.59690883956
-2.4755016761 -4.08190925105
-1.15282194546 -4.13463797202
-3.73155299296 -2.96716717323
-0.0729266865722 -0.83353616134
-1.11901363353 -4.59395725301
-2.0112811751 -1.16364742004
-2.232459096 -3.86006960348
-1.18653868396 -1.60894119315
-4.35705565402 -1.27011456108
-4.68886399053 -3.65286752888
-4.09726214476 -1.41306729563
-3.32972164766 -0.391801867218
-4.36051959265 -1.31613314369
-2.6434664363 -2.24910240396
-0.81463017566 -3.53268059813
-1.46961112747 -0.441073058354
-0.619667312487 -3.70969103861
-2.92596899168 -3.77359686595
-2.97029589884 -3.22741812706
-0.858878880143 -1.88777777362
-2.2398735528 -2.28874276074
-4.0235677997 -3.54491718289
-2.3368364956 -2.08086279932
-4.84882089001 -4.82121198935
-3.48927396139 -0.431530500023
-0.955405092786 -0.19231469897
-0.29553722877 -2.93106758068
-1.75828570071 -1.4295500632
-0.608124400416 -3.7124379722
-3.82167418342 -1.93124411192
-2.97908984261 -1.10286793004
-3.62663359559 -3.46223526177
-2.64195432303 -3.18114428172
-4.56899814979 -1.29441129712
-2.42681744774 -0.289370269957
-1.60955235223 -0.172079485151
-1.09965626885 -2.00046429109
-4.84461651474 -4.86242479377
-4.83568361014 -3.56411996997
-2.53020389309 -2.76016121543
-3.31958371471 -3.67826460272
-3.05061550814 -3.8036241968
-4.58692876759 -3.73808549201
-1.31533042287 -2.99174944564
-3.01064251121 -3.59748425981
-2.48656381467 -0.923213440215
-4.91654015643 -2.71605956182
-3.77215045099 -4.95599849737
-2.79402703844 -2.23379476685
-3.50488605837 -4.71495978349
-4.73920225441 -2.85656685993
-3.81860934224 -0.76596025818
-4.31605065618 -1.38910235834
-0.820035557266 -2.40120965626
-4.1122106235 -0.471451664535
-1.65538983744 -4.89742118325
-4.88629659431 -0.915920415295
-1.22130236636 -2.2781340918
-1.15701722277 -0.81317190626
-2.91449053209 -4.2376062813
-4.49575870874 -1.92799899718
-1.91927417938 -4.32621456093
-1.65212998261 -0.7449767979
-2.42287301153 -4.61614838545
-3.95713662325 -3.60494141369
-2.06495154171 -4.03424104671
-3.71242529764 -0.656391194862
-1.8331509321 -2.53374858814
-3.66106051203 -0.633970159477
-4.41560409439 -3.80293263286
-2.58372833343 -1.58595335529
-2.18415384522 -2.49754890092
-1.95468729796 -4.76103850142
-3.38712829506 -4.21437770345
-2.12415708994 -1.51982650093
-0.968024141019 -4.24337188472
-1.73969865678 -0.607728555628
-3.35679442374 -2.36170822456
-2.87940761433 -4.69136452261
-4.71186183778 -0.575692733769
-0.278061276785 -2.39293825825
-3.36298700685 -2.67544002435
-3.34912699165 -4.89183352487
-3.19417651343 -2.85316818044
-3.96476484287 -0.764479194957
-3.70425138012 -2.22843407884
-2.0120653728 -0.726371968712
-1.55956175176 -1.75636648989
-4.72638880104 -1.73490514278
-2.82914519169 -3.28669846749
-1.51752677745 -1.97755020802
-2.20910842299 -4.60802758595
-3.64934576991 -0.340512005383
-1.14024904127 -1.5008539159
-2.71043208779 -0.468194005733
-3.53867537332 -3.16030866121
-4.70137028278 -2.98853305949
-2.98385223875 -1.45478851863
-1.10656920343 -2.82893028571
-0.353746883395 -4.43312703241
-3.5802748328 -3.87879449761
-0.262202748096 -3.28282736536
-3.59558849765 -0.874303339619
-3.95020028447 -3.5186570286
-3.26846160789 -4.56217345459
-2.06367182728 -2.65462192705
-2.01833652312 -3.28050000255
-0.689749261286 -1.79539262441
-4.67420927753 -4.38498997781
-0.420950710641 -2.23814707959
-1.45600628835 -3.50075984345
-0.507580087323 -1.10858285098
-0.616887345778 -3.65213450954
-1.49366238572 -3.2304084546
-3.46373328758 -0.289889280665
-4.44639547952 -0.0933734195742
-1.66045408612 -2.35852692472
-4.1758567264 -0.292254293844
-1.27461449656 -0.716281957747
-3.10950570054 -4.37499841674
-4.50171384177 -0.574191003972
-4.08754546104 -3.23150026239
-1.92328160306 -3.67717671855
-1.84874122451 -3.00461195111
-2.48544400951 -1.07272727374
-2.18711627525 -3.87752317275
-0.988866097467 -4.50392798472
-4.06835244226 -0.50490430651
-4.26646031168 -1.38118469799
-4.06689933116 -4.11409060796
-3.00930301026 -0.328938492993
-1.32879738694 -4.06363271812
-3.29756329001 -1.6023650788
-4.71462097938 -0.00015320519393
-0.918900469408 -4.05819817301
-2.02345172468 -4.49111952878
-2.41064237222 -2.35142819286
-4.42888146379 -3.33623622724
-1.85913790822 -1.61499881012
-1.27398657871 -2.10755094213
-3.15803977792 -0.13787088363
-4.07825388905 -0.335913041178
-2.64388889674 -2.73662848629
-0.700034579263 -4.0069837914
-4.15240873898 -3.39054577962
-3.92467779745 -1.38035325219
-3.96935571468 -1.14998133337
-3.64695189175 -0.599999569512
-1.63280464063 -4.99256267114
-3.9487453227 -3.181660698
-4.29728115647 -0.791490466676
-1.08311269872 -3.75741113901
-4.52608637357 -3.84672665129
-0.485373568002 -1.69064088923
-3.89750923685 -4.60647175599
-1.3154126889 -3.35761157495
-2.38947205761 -3.10144896752
-4.07239084622 -4.02002633222
-2.04209652933 -2.51968697071
-3.7829540812 -4.52684008169
-3.734723959 -4.14457492853
-2.16958825583 -4.27465210481
-0.995844527322 -1.65792365161
-3.90709142625 -2.18351435646
-3.70561669284 -3.87827430281
-2.58033454257 -3.00263600664
-4.01181163499 -3.82227560418
-0.472052940862 -0.14033377685
-0.371246719395 -3.21737290575
-3.26169367218 -2.7055100253
-1.57064172024 -1.04538748889
-3.14999444615 -4.68870780036
-3.64907893032 -2.86173439008
-3.78951160061 -1.78448751137
-4.82809721116 -2.52862825299
-0.26396493769 -2.64027650839
-3.10859650299 -3.02917276221
-2.10964933437 -2.23186418205
-2.59477544445 -2.31869981509
-1.25261429906 -4.67709028359
-4.10511825568 -3.28788897822
-3.8114384271 -1.76311824775
-4.35745681026 -3.2882820165
-0.901107217544 -3.47127802422
-4.57246115783 -3.84468344545
-4.14988803755 -3.10281966677
-2.24494448631 -3.39150044686
-2.73882052254 -2.13987763365
-4.18165231877 -1.3136864405
-2.41977444871 -2.39383669322
-3.46041498791 -1.34981106401
-3.46733050974 -2.71307366728
-0.0848802308171 -1.22046298607
-1.75447274792 -2.21173763441
-2.06896485415 -4.07001173791
-1.03276477217 -1.69029266805
-0.523576754464 -3.72206012191
-3.13920820363 -2.89956210735
-4.95795886159 -0.36976926348
-3.64532412732 -4.3009301102
-4.33469626107 -1.91738212177
-1.71450696303 -3.93512597228
-4.68346556625 -0.959009457009
-0.283990200213 -2.92054249048
-4.51542047333 -1.10467268231
-2.1394171466 -3.64976290196
-3.03652400717 -3.29690953168
-0.0334851445658 -4.19674929504
-2.44533562775 -4.88610168628
-2.8102044892 -1.26257648459
-1.07320547694 -4.39953298518
-2.92460525507 -4.94228388204
-0.476658970009 -0.291091746398
-0.139382693124 -0.786390992074
-0.16644791835 -3.59617263951
-1.67817236429 -2.14148119119
-1.15252739154 -2.04327324611
-4.21234748215 -3.77833562974
-1.09114703025 -2.7250451709
-1.39740719377 -4.3994177121
-1.93002008039 -1.46932091458
-1.6907370571 -1.3740621934
-0.0915812717927 -0.52240570918
-3.42277235376 -4.58471302028
-3.93116864001 -4.69716217012
-1.69554321004 -1.7131254242
-4.46129180466 -0.384602453231
-0.431861519857 -1.0256750822
-0.595897003684 -1.69251718146
-4.56057337344 -3.58415774569
-1.26666390879 -4.47278263549
-1.90236395627 -1.53299216472
-4.41492630678 -1.48631936488
-4.78971191031 -4.12251961117
-2.36375579028 -1.44862962086
-0.549555866814 -1.90695923991
-4.3336967291 -4.30768332397
-3.98258733265 -1.54158736766
-4.91456184299 -1.12550146597
-0.424831770479 -2.52575851159
-1.29327476916 -3.77742089797
-4.82649111454 -2.30719049562
-2.4725026239 -0.435854699294
-1.37054188561 -4.29372700127
-2.95692450988 -0.21893143778
-0.221758276564 -0.485523740377
-3.21474419265 -2.23279066207
-0.621521444508 -0.948390806551
-4.15463422362 -2.72791577102
-0.0424450994168 -1.64298416031
-0.452148175654 -0.855774669391
-4.84813965867 -2.10133180244
-3.12861215075 -2.15924303975
-4.20774290011 -4.9479617366
-2.83683183428 -0.730796571797
-1.89966693331 -3.44125564229
-4.96468332067 -2.19115288352
-1.74765049774 -4.49821255734
-2.78168176377 -0.705971575213
-0.950850498211 -2.05147156321
-1.15608635573 -2.49576005942
-3.72857393911 -4.03275650141
-2.34161059085 -4.94959948586
-0.446047724924 -0.140681786531
-3.95736926887 -3.91422743817
-0.622212209813 -2.60348011838
-0.454570712089 -0.419329357497
-1.84150135386 -2.28661155808
-4.03207548061 -3.43783998599
-0.299506482691 -0.477955747665
-3.66762637676 -1.33332414816
-3.97206397812 -0.0715688190475
-3.08088801501 -3.70437980412
-3.77076170677 -3.57062408897
-4.85333170756 -1.34761746383
-4.4946545343 -0.734001627449
-1.93507795203 -3.03580245542
-1.59680049966 -3.54270815044
-1.37525363608 -0.111317623876
-2.89736756392 -0.0938038913499
-1.12261894656 -0.950266950557
-0.543472428571 -4.17222106711
-4.15137254325 -3.89749611117
-0.732044229626 -3.54953913087
-4.75407578569 -3.82315058168
-4.34561594324 -1.48782302925
-0.167135679467 -2.95693044212
-0.00301238962158 -3.99212699222
-2.09530205203 -1.63239864418
-3.13363380578 -1.29900403704
-4.28010623853 -2.32779505511
-3.69507974109 -3.1358022632
-1.79755938938 -2.50789318
-0.92621075265 -2.24439469787
-1.55547315571 -4.59780873645
-3.82815229956 -2.03920229888
-2.91368703304 -4.7064044327
-2.0721185293 -4.17188903975
-0.957080834821 -2.53186110179
-4.98215628477 -1.49138869446
-3.9411874459 -4.69786125278
-3.48005879643 -2.03551215092
-2.36508188395 -4.68673846864
-2.35998837865 -1.99302281008
-3.97531279501 -0.262900166972
-3.91460854927 -0.115639258191
-3.08767063184 -0.0768832106455
-4.59041000988 -2.95615083938
-3.80903686473 -0.832331676315
-4.10463853381 -1.20415519944
-0.974243782544 -2.61414543854
-3.85838369053 -1.19267083489
-3.6626793063 -4.34906596573
-1.33440601476 -1.85323426402
-3.12927917769 -3.07152198739
-1.96341629672 -3.47068342259
-3.37238773782 -4.43519700373
-1.81094456038 -3.49286439377
-0.246236037508 -4.06931742818
-1.30302946022 -0.622588668277
-0.430098830598 -4.74083142448
-4.11121233883 -0.300511883336
-4.50969576066 -1.47534763734
-2.93349148884 -4.49269821306
-4.66379916648 -2.55898347018
-4.13224723161 -3.33304252949
-3.67719907698 -3.63044554692
-4.59397997581 -2.08723576576
-3.07316261897 -0.518439192324
-1.07919266961 -3.21784352363
-3.88777004096 -4.67982947573
-4.728457908 -3.26091185715
-4.8164265613 -2.35122836653
-2.2609853527 -1.18484639229
-0.855733454232 -2.39379518865
-1.55817640147 -4.50132067221
-2.80880418171 -3.17206760968
-3.26641514953 -4.55072451872
-4.81495635207 -3.83776073953
-2.88147694106 -0.184020314319
-2.29490823832 -1.29726908889
-0.821898489687 -3.03347813696
-0.0353225743642 -4.20053237518
-0.590770761757 -2.75340069446
-2.66751441291 -3.73013086493
-2.11717899066 -3.65442734907
-2.92673736997 -1.04031538462
-1.64066272809 -2.79388132204
-4.74323157103 -2.9148283722
-2.39417813833 -0.0633526662381
-1.40349316407 -4.77381320274
